,index,user
0,0,heberqc
1,1,ehcodes
2,2,Fjrodriguez787
3,3,ThisGuyManBro
4,4,aliaabdulahi
5,5,ENaranjo95
6,6,jpollack
7,7,WishingOnAWendy
8,8,tyriekbrown
9,9,warriorguo
10,10,arsenakishev
11,11,jsyt
12,12,rakimdevcraig
13,13,mouse-lin
14,14,wanglvhang
15,15,Aziqq
16,16,allison-abad
17,17,agnosticlines
18,18,oeaugustin
19,19,coka
20,20,cristianpmorales
21,21,ferdis
22,22,sbgraphic
23,23,coderbee
24,24,Trippnology
25,25,devvratshukla
26,26,Waylenw
27,27,DeeDaniels
28,28,tobiastimm
29,29,GeeSuth
30,30,leostrakosch
31,31,slauger
32,32,iwpnd
33,33,weituotian
34,34,ssono
35,35,gcsalzburg
36,36,JoshHrach
37,37,Blandaxt
38,38,kovart
39,39,Winglonelion
40,40,yanglicheng8
41,41,itachigorun
42,42,geirr
43,43,achm6174
44,44,sandraattar
45,45,MarkGeeRomano
46,46,payasbhrigu
47,47,dantaub
48,48,jaindsonvs
49,49,himalay
50,50,shawni
51,51,Latube
52,52,amn41
53,53,LeiXuan6
54,54,psodhi
55,55,Exey
56,56,loongX
57,57,suzuki86
58,58,leomp12
59,59,arunsathyan
60,60,hiawang
61,61,foora
62,62,tracyliang18
63,63,cnloop
64,64,connorbrathwaite
65,65,tongrhj
66,66,saichonchon
67,67,xsjtmac
68,68,rtimmons
69,69,HarryCh94
70,70,ganjmeng
71,71,LucasSilvaFerreira
72,72,myraha
73,73,xptree
74,74,salmonelopan
75,75,sy2cn
76,76,wooshifu
77,77,vc1492a
78,78,wanggongcun
79,79,edupooch
80,80,meckin
81,81,changquanyou
82,82,vinill
83,83,HellMagic
84,84,Xmr-nxbx
85,85,Paradox-AT
86,86,fangsfdavid
87,87,trustme01
88,88,toddmorey
89,89,ibnumalik
90,90,Korbeil
91,91,kaitoy
92,92,madrian
93,93,xxxWILL-INFxxx
94,94,zikkAbdelaziz
95,95,SuriyaaKudoIsc
96,96,joshlobaptista
97,97,Wendele
98,98,donkung
99,99,stm32f1
100,100,ailias
101,101,2mawi2
102,102,yaolu
103,103,smithyhammer
104,104,Misakisogiou
105,105,yilongmd
106,106,mengruirui
107,107,skywaterliu
108,108,elyngved
109,109,tryggvigy
110,110,baeharam
111,111,fmitra
112,112,hachesilva
113,113,gkapfham
114,114,SunAriesCN
115,115,FaycalKhe
116,116,wutingxi
117,117,mide
118,118,shaikhabdulqadir
119,119,Igglybuff
120,120,Toromino
121,121,HelloWorldWinning
122,122,sdrozzy
123,123,Gaoey
124,124,AddressXception
125,125,Khsime-Marwane
126,126,fn23
127,127,beyenez
128,128,loveship00
129,129,Pr3d4dor
130,130,crissdev
131,131,giohappy
132,132,Znasif
133,133,preshi
134,134,smspillaz
135,135,pajeroquan
136,136,eliaszs
137,137,DoKel
138,138,Vertikar
139,139,mcuadros
140,140,thehappydinoa
141,141,zuiaiqun
142,142,scorfuz
143,143,WashingtonBB56
144,144,MingGeng
145,145,lichenxxx
146,146,ram-g-athreya
147,147,spam-man
148,148,Neujaskre
149,149,StandyMerizier
150,150,Sphinxs
151,151,woodenleaves
152,152,geraldnako
153,153,SignV
154,154,ariestiyansyah
155,155,DevilGeek
156,156,simpai
157,157,burinov
158,158,chonrp27512
159,159,marquisthunder
160,160,armyofevilrobots
161,161,TomasBouda
162,162,rescbr
163,163,wqz9822
164,164,acro5piano
165,165,leehomyc
166,166,ALISCIFP
167,167,ChrisHacker
168,168,DATUDOU-GIT
169,169,ymym3412
170,170,danielebogo
171,171,vhparadajr
172,172,wzj5133329
173,173,draxvel
174,174,YingdeZheng
175,175,pixelspencil
176,176,geofmureithi
177,177,renanolivera
178,178,AustinDeng
179,179,faraoman
180,180,joydo
181,181,qianjinhao
182,182,sherwin28
183,183,JasonHeylon
184,184,pluma
185,185,willis7
186,186,carlosjtacon
187,187,l-hammer
188,188,attenuation
189,189,BlangenCen
190,190,lux
191,191,usuusu7
192,192,hxc2
193,193,DnzzL
194,194,Vscarlett
195,195,mounirmahmoud
196,196,EvsChen
197,197,atilaloise
198,198,gaelduplessix
199,199,denohk
200,200,UtopiaBeam
201,201,ygit
202,202,ujuc
203,203,kelset
204,204,ZoeShaw101
205,205,ResilientRyry
206,206,sardaukar
207,207,TyrantX
208,208,conoro
209,209,anwofis
210,210,pirogoeth
211,211,jimlawton
212,212,yanghui0212
213,213,kurumbus
214,214,iddan
215,215,knivesq
216,216,hason
217,217,allevaton
218,218,ahrendsen
219,219,zakaria-dz
220,220,mondain
221,221,decay88
222,222,zhou-wjjw
223,223,yiweiyihang
224,224,drivard
225,225,zth390872451
226,226,xh4n3
227,227,apachewang
228,228,chris-gong
229,229,Rectmoon
230,230,YKatrechko
231,231,BrunoScheufler
232,232,leeckent
233,233,tqcenglish
234,234,Tisamu
235,235,tianshaojie
236,236,surick
237,237,amcclosky
238,238,lukauskas
239,239,antoinewdg
240,240,sieppl
241,241,sravanimantha
242,242,wxingheng
243,243,ZelTroN-2k3
244,244,jackieLiu
245,245,crioto
246,246,szn256
247,247,rpadma
248,248,stemuk
249,249,gareyhoffman
250,250,natuanorg
251,251,longseespace
252,252,bygreencn
253,253,simonsmh
254,254,Disguisenberg
255,255,ufuksakar
256,256,remenyo
257,257,zhangyongshun
258,258,zmax1360
259,259,aoyoo111
260,260,Slyne
261,261,pocesar
262,262,bradstewart
263,263,JamesBream
264,264,shane-lawrence
265,265,rambl30n
266,266,yzhao583
267,267,tacahiroy
268,268,niten2
269,269,Bernardoow
270,270,remotelyliving
271,271,etenzy
272,272,Adrift001
273,273,yzmin
274,274,yangzhiw
275,275,zxn17
276,276,jackmac92
277,277,smorin
278,278,LevanArabuli
279,279,wesnow
280,280,Arthaclarius
281,281,bmkiefer
282,282,ProklUng
283,283,brittadams
284,284,adhaamehab
285,285,icarlossz
286,286,zhaomenghuan
287,287,deepakgarg2006
288,288,rudolfkral
289,289,tianshanghong
290,290,cocochepeau
291,291,kevinmcox
292,292,g4laura
293,293,Relequestual
294,294,wsj1102
295,295,h0st
296,296,gloooe
297,297,Puritanic
298,298,tecnoterabyte
299,299,icaliskan
300,300,meleantonio
301,301,wgreenr
302,302,vietlq
303,303,whiskas
304,304,dmitry-salnikov
305,305,Cajova-Houba
306,306,aland-zhang
307,307,selvaganprofile
308,308,WallyYang
309,309,kyleparisi
310,310,stephpy
311,311,zmhot88
312,312,bigtran
313,313,trunghaiy
314,314,lxq-github
315,315,ccc520
316,316,mrzv
317,317,mabako
318,318,rdaly525
319,319,laoshaw
320,320,dontjee
321,321,lmauromb
322,322,jeromelw
323,323,trivita
324,324,sergstav
325,325,shinsumicco
326,326,jugisan
327,327,regevbr
328,328,felipeweb
329,329,YutangShi
330,330,Magikis
331,331,anodium
332,332,AdrianCryer
333,333,Proteusiq
334,334,ikumaogura
335,335,mrtj
336,336,kingtosh
337,337,bueller
338,338,Super-Louis
339,339,bastiao
340,340,gotheworld
341,341,OliverUv
342,342,huazhihao
343,343,zhenguoli
344,344,sysgiven
345,345,ch3lo
346,346,dryewo
347,347,colalon
348,348,mac8005
349,349,lvyeshufang
350,350,SoloJiang
351,351,djmetzle
352,352,nosavvy33
353,353,zaharinea
354,354,natalysheinin
355,355,uschek
356,356,f3l1x
357,357,taintech
358,358,r2ys
359,359,xiaojingzhao
360,360,iansinnott
361,361,sudheerDev
362,362,kamaladenalhomsi
363,363,mariusz-kabala
364,364,harileaf
365,365,jkmartindale
366,366,garudaxc
367,367,mohsalvi
368,368,ringcrl
369,369,rtviwe
370,370,carlos-echeverria
371,371,zmofei
372,372,Armaldio
373,373,zafarella
374,374,Starnop
375,375,huleg
376,376,zyybsg
377,377,joanllenas
378,378,bruveping
379,379,Deemooo
380,380,scuba10steve
381,381,suenot
382,382,lgaitan
383,383,ai-zahran
384,384,mjzare
385,385,pdaher
386,386,ParanoidHubert
387,387,fatyu
388,388,cch123
389,389,cagataycali
390,390,techeverri
391,391,philippgovernale
392,392,caorong
393,393,MrHeart
394,394,foray1010
395,395,cren888
396,396,farisachugthai
397,397,waltonseymour
398,398,PrometheusQin
399,399,xiaochuan-du
400,400,michellemay
401,401,hptg1994
402,402,ChenZeXian
403,403,kai8406
404,404,SuiOni
405,405,isholgueras
406,406,yi1doubt
407,407,whaley
408,408,wch818
409,409,Kaakati
410,410,vijaycs85
411,411,amishm766
412,412,ievgensalo
413,413,1e0ndavid
414,414,Inistlwq
415,415,lucafr
416,416,TenzT
417,417,ioztelcan
418,418,nateloux
419,419,MishinVD
420,420,rupurt
421,421,thunfischbrot
422,422,keshav2010
423,423,bndao
424,424,hamakou108
425,425,jokumar
426,426,VitorOSilva
427,427,rubio
428,428,imadelh
429,429,luciferwoo
430,430,kennyLtv
431,431,lightoyou
432,432,ch3ckmat3
433,433,Susa
434,434,Sucreyy1
435,435,tfSheol
436,436,pierg
437,437,yuboona
438,438,Mentil
439,439,nickossaf
440,440,stegano
441,441,arbal
442,442,HeyMoon
443,443,kakajy
444,444,csymlstd
445,445,diegovalenzuelaiturra
446,446,18310130376
447,447,WildYorkies
448,448,stevesimmons
449,449,patrickvale
450,450,Mo7amedZak
451,451,wein00
452,452,holyxiaoxin
453,453,vermicelli
454,454,wazsmwazsm
455,455,yuiwong
456,456,manigandand
457,457,thonra
458,458,varaste
459,459,daoxiaofa
460,460,jpwilliams
461,461,lamr14
462,462,GaelGuegan
463,463,abegehr
464,464,manojSelvam
465,465,burningfireplace
466,466,PierBover
467,467,jsteenwerth
468,468,evgenTraytyak
469,469,tantetoni2
470,470,MartijnHols
471,471,Tolsi
472,472,584084664
473,473,NickBusey
474,474,farshidtz
475,475,elemakil
476,476,eugeny-dementev
477,477,noahp
478,478,cjlaguardia
479,479,voz
480,480,agentdavidjoseph
481,481,jwcjkzl
482,482,knopki
483,483,crazyguitar
484,484,zzzzwen
485,485,gregurco
486,486,wgui1
487,487,alexdunne
488,488,rusintez
489,489,friday
490,490,q66217910
491,491,abdullahicyc
492,492,heywoodlh
493,493,RyanZHe
494,494,tiresc
495,495,duttaditya18
496,496,hifreedo
497,497,gordonhu7
498,498,biezhihua
499,499,enoktate
500,500,iamskok
501,501,msh91
502,502,togikan
503,503,alexandrenas
504,504,huitommy
505,505,guoweikuang
506,506,KorovkoYura
507,507,DanielTimLee
508,508,jwinarske
509,509,tonypartridge
510,510,bvvy
511,511,winsy
512,512,JozeeLin
513,513,kumfo
514,514,friczb
515,515,ryanspletzer
516,516,IAmMateo
517,517,colbin8r
518,518,meghaphone
519,519,funkygao
520,520,pierrce
521,521,melankh
522,522,dumingxin
523,523,gustavoserafim
524,524,ryanmtaylor
525,525,azahi
526,526,LabiKyo
527,527,azhangstrata
528,528,OutThisLife
529,529,automenta
530,530,swearitagain
531,531,suginoki2
532,532,amritbluefin
533,533,jellevdvliet
534,534,sneako
535,535,KevinLADLee
536,536,dwilid
537,537,Yakulu
538,538,ssstonebraker
539,539,gaearon
540,540,Pietro52
541,541,snehesht
542,542,admin801122
543,543,abisekhsubedi
544,544,kotapeter
545,545,xJkit
546,546,disini
547,547,gayu-mike
548,548,urnotuj
549,549,HHangLi
550,550,yihongbo123
551,551,superhobbit
552,552,AkaShark
553,553,stef0724
554,554,zhi-xing-zhe-sha-bi
555,555,Scripthand
556,556,akursikov
557,557,anonymone
558,558,kalpetros
559,559,10208030
560,560,Graham42
561,561,234687552
562,562,stackerzzq
563,563,wuwenfengl
564,564,wenerme
565,565,ButuzGOL
566,566,ylemkimon
567,567,helpsolution
568,568,ox-michaelradionov
569,569,vedranmiletic
570,570,kfern
571,571,hejianxian
572,572,chengzehao
573,573,alexthekid07
574,574,berlamont
575,575,Tutuchan
576,576,karuvally
577,577,ligengwasd
578,578,serhii-ohorodnyk
579,579,jf1603
580,580,muhmursalind
581,581,AlexC-developer
582,582,csh
583,583,17-12-20-ll
584,584,lindadoudou
585,585,HenryGits
586,586,gabeguz
587,587,epandurski
588,588,saminzadeh
589,589,huyanmingtoby
590,590,root0day
591,591,Coder-Yu
592,592,NekoAria
593,593,zzxworld
594,594,kitbs
595,595,boyzhujian
596,596,Vail-qin
597,597,KuangPF
598,598,jverghese
599,599,gjhuerte
600,600,gomyho
601,601,jzgenius
602,602,edsonvalentin
603,603,annonuser
604,604,ryanvillarreal
605,605,IoTeca
606,606,kagxin
607,607,groussel42
608,608,yanan-zheng
609,609,beeman
610,610,michalschott
611,611,CarySun
612,612,n1ru4l
613,613,liquid-sky
614,614,IssacCzy
615,615,quasimodo7614
616,616,frankho168
617,617,nishathussain
618,618,vgavro
619,619,choubidouap
620,620,eerkkk
621,621,ramdenied
622,622,irideas
623,623,danthelion
624,624,drakelee
625,625,donaldpipowitch
626,626,numlock1052
627,627,Amberlan1001
628,628,bf
629,629,yeta666
630,630,heartrain
631,631,gjyoung1974
632,632,WillemLabu
633,633,samuelchen
634,634,BenxiangGe
635,635,dcaughill
636,636,kuc2477
637,637,iZhen
638,638,alexandershalin
639,639,andreacampanella
640,640,dnl1
641,641,kangofchen
642,642,duxb
643,643,franyerverjel
644,644,levong
645,645,DjeckyWinces
646,646,i-Lena
647,647,MitchLindsay
648,648,luojianluojian
649,649,Yoshi1729
650,650,jensy
651,651,ayox
652,652,dereknex
653,653,harimp
654,654,kuuyee
655,655,zybao
656,656,mwallerb
657,657,IljaDaderko
658,658,yilmzfurkan
659,659,theholyamir
660,660,publicServer
661,661,saitoxu
662,662,vutsalsinghal
663,663,DfKimera
664,664,cowboycodur
665,665,bearier
666,666,TechnologyClassroom
667,667,qinrongze
668,668,prueker
669,669,Bharathbrothers
670,670,krasilnikovdmtr
671,671,ubk77
672,672,xulis
673,673,dalmat36
674,674,aaron-codes
675,675,jadmin
676,676,Wutname1
677,677,ECNUJason
678,678,JamesAC42
679,679,Yuangx
680,680,JulienDuf
681,681,coocooooo
682,682,Hardysong
683,683,JeffBobbo
684,684,ubercola
685,685,robertjankowski
686,686,ankemp
687,687,uruba
688,688,wWX334415
689,689,roberthajdu
690,690,developer239
691,691,ysm20140508
692,692,LeandroRebelo
693,693,Recmo
694,694,reganoneill
695,695,mooremo
696,696,dcherrera
697,697,abhiee4
698,698,wajmhjp
699,699,ifeanyi
700,700,olsgreen
701,701,jaredwilli
702,702,woxihuannisja
703,703,timtimellis
704,704,kboussebat
705,705,bradpurchase
706,706,0x4D3342
707,707,syshu
708,708,Wendersonandes
709,709,boralp
710,710,shoan
711,711,JingqiuFu
712,712,FrankSong93
713,713,ewertoncode
714,714,kisaragi-hiu
715,715,lkostrowski
716,716,kumekay
717,717,Nanguage
718,718,pedrommone
719,719,ayehninnkhine
720,720,yangwu91
721,721,skovy
722,722,raylenmargono
723,723,rickXiaoLive
724,724,generaltso
725,725,deeprim
726,726,Mister-PIN
727,727,dd8989089a4
728,728,Maghaen
729,729,darkrain88
730,730,btiwaree
731,731,alexkustov
732,732,marlonschroder
733,733,Steven-Beasley
734,734,pixelpony
735,735,ngthduy90
736,736,MeinerI
737,737,jiyanghe
738,738,marcydoty
739,739,wanderleyfa
740,740,mattboon
741,741,tangkv
742,742,may-better
743,743,MaldicionChina
744,744,yqx7150
745,745,behindeye
746,746,JohnieXu
747,747,zhenzou
748,748,Puasonych
749,749,kostenaike
750,750,devjoenet
751,751,esinanturan
752,752,herl
753,753,laghee
754,754,FK1453
755,755,qwerqazchen
756,756,overdev
757,757,busegenc
758,758,gtvmsilva
759,759,nasko-radev-pbx
760,760,AngusTheMack
761,761,bobbynarvy
762,762,zixuedanxin
763,763,spartanz51
764,764,DainisGorbunovs
765,765,ernopp
766,766,firesprite
767,767,rrrb
768,768,jiayuanfa
769,769,conatus
770,770,Gruppio
771,771,zhainanfuli
772,772,formych
773,773,Randallzoeng
774,774,wncios
775,775,etienne-s
776,776,ncepuwanghui
777,777,johncarl81
778,778,lnianhong
779,779,pmcintosh
780,780,oliverschmidt
781,781,gegen07
782,782,taosiwen
783,783,LoveMyt
784,784,imzyf
785,785,jsjzyzc
786,786,ctdavies
787,787,slmjkdbtl
788,788,mayank23
789,789,shadowsnf
790,790,tripu
791,791,matt-morris
792,792,Chernfalin
793,793,lu-m13
794,794,Gruev
795,795,xihaxiaozi
796,796,BeingEasy
797,797,phil-in-code
798,798,mmarkman
799,799,jjttjj
800,800,xuqingquan789
801,801,xiepan
802,802,ryan-bin
803,803,keyianpai
804,804,andywer
805,805,stoneluo
806,806,gillkyle
807,807,figalagif
808,808,takafan
809,809,yanglangfei
810,810,ZhangJin1988
811,811,ldgarcia
812,812,saluber
813,813,pshapiro
814,814,forthedamn
815,815,lumiit-adam
816,816,sroze
817,817,Crushhhhhhh
818,818,juill
819,819,watchcloud
820,820,goffstock
821,821,angelussoares
822,822,cherishloveyou
823,823,lcdblock
824,824,FomTarro
825,825,derlih
826,826,joyeru
827,827,ilidar
828,828,jit-y
829,829,Mayner
830,830,wesleybliss
831,831,12ian34
832,832,atakangktepe
833,833,carund
834,834,schmooie
835,835,HZooly
836,836,yp2800
837,837,rogervila
838,838,han0110
839,839,kaseyhinton
840,840,sebdeckers
841,841,shinyzo
842,842,912218831
843,843,Kocisov
844,844,dima-riskified
845,845,hernantz
846,846,Hlher
847,847,jerrylususu
848,848,idolx
849,849,rkrajnc
850,850,ktsn
851,851,mzgnr
852,852,TolyaTalamanov
853,853,countnoobula
854,854,ElektroKill
855,855,beJuvenile
856,856,mccutchen
857,857,XanderWang
858,858,ony3000
859,859,egarasky
860,860,sweetpotato0
861,861,CigdemSazak
862,862,7hens
863,863,VadimKulagin
864,864,makshh
865,865,phenix-chen
866,866,Allenfedd
867,867,alexa0503
868,868,ashwajce
869,869,kvnol
870,870,cooka
871,871,E2vi
872,872,AmosTeshuva
873,873,carlendev
874,874,stoneWeb
875,875,marcelchastain
876,876,xuejwei
877,877,warmchang
878,878,freechensq
879,879,JeffCarpenter
880,880,maslennikov-yv
881,881,qipengpai
882,882,muhammad20
883,883,djuric42
884,884,RodenLuo
885,885,MaheshtheDeveloper
886,886,sinanyumak
887,887,hadifsy
888,888,IrinaAnokhina
889,889,acebaker
890,890,faj2007
891,891,MatKilan
892,892,MinchinWang
893,893,geraldb
894,894,cymxiao
895,895,antogerva
896,896,wrpys
897,897,birdyboy18
898,898,robustfengbin
899,899,lushenle
900,900,tomasstolker
901,901,anthonynsimon
902,902,alizard0
903,903,kripesh101
904,904,zhao41654828
905,905,jdeveloper
906,906,mxlnk
907,907,mirzap
908,908,muratgurel
909,909,yize
910,910,eugenelawrence
911,911,hsiaofongw
912,912,hckzendoro
913,913,skitt
914,914,lsq378397197
915,915,datagutt
916,916,kamu7860
917,917,kenota
918,918,cvillarr23
919,919,krasoffski
920,920,Yann-Wang
921,921,aa41
922,922,Zireael07
923,923,michaelbironneau
924,924,hongchangwu
925,925,vega231
926,926,doge-of-the-day
927,927,sleelsc
928,928,ccwangpixnet
929,929,bingli7
930,930,amartone
931,931,Mr-Sheep
932,932,yadavrg
933,933,Lmy0217
934,934,dicamarques14
935,935,Melon-Bread
936,936,JVilelaSmith
937,937,yydxlv
938,938,jackssybin
939,939,moazim1993
940,940,dstainer
941,941,vladorz
942,942,vgecko
943,943,chiefman1
944,944,MaxwellHeller
945,945,leonardomarciano
946,946,QuBairen
947,947,PedroArvela
948,948,wufeng0927
949,949,qsdiy
950,950,srueegger
951,951,Ritusan
952,952,dhduc
953,953,miladvafaeifard
954,954,vifino
955,955,vmgray
956,956,zhanfang
957,957,witamin
958,958,rcsupermanjob
959,959,lin-wish
960,960,rclai
961,961,nnnnat
962,962,yandavid
963,963,MXuer
964,964,paulina-grunwald
965,965,angelospanag
966,966,sigpro
967,967,GevilEsen
968,968,hemeroc
969,969,jinhuaxiao
970,970,guoyingtao
971,971,erson
972,972,m13m
973,973,gmayday1997
974,974,pnicolasoares
975,975,Querz
976,976,guusw
977,977,willkzhou
978,978,kaushiknsanji
979,979,Zuteilungsreif
980,980,zyunchuan
981,981,Vastrix
982,982,andersonleite
983,983,ohtangza
984,984,bmdevel
985,985,TGabor
986,986,justx1
987,987,gregbuehler
988,988,mrchris2000
989,989,Jephen
990,990,huanghui1
991,991,czarpino
992,992,Bartvanderkruys
993,993,HarshPyati0798
994,994,RyanCasas
995,995,SpotlightKid
996,996,johnstevin
997,997,8880
998,998,wind3
999,999,FloatingGuy
1000,1000,dance2die
1001,1001,arcovoltaico
1002,1002,zxhfirefox
1003,1003,tim-lee-cn
1004,1004,thebatclaudio
1005,1005,schumilo
1006,1006,ypsilon-p
1007,1007,NrqhEIcsRi004
1008,1008,hhttiantian
1009,1009,liuhao92
1010,1010,zebapy
1011,1011,guilan
1012,1012,cccheng
1013,1013,mzl001
1014,1014,microspino
1015,1015,behnamj
1016,1016,toryburgett
1017,1017,manu-vilachan
1018,1018,rafael-vitor
1019,1019,mattrei
1020,1020,battlemidget
1021,1021,mike4github
1022,1022,freddygenicho
1023,1023,Bannerets
1024,1024,FJHC
1025,1025,cloud2006
1026,1026,zoerab
1027,1027,WeiGrand
1028,1028,Altynai
1029,1029,CJ-Zheng1023
1030,1030,thiagozs
1031,1031,Fondson
1032,1032,hexinlei
1033,1033,cwenner
1034,1034,kvox2007
1035,1035,Thanad
1036,1036,Escart94
1037,1037,DanSorahan
1038,1038,mc2dx
1039,1039,andrik
1040,1040,jhermsmeier
1041,1041,ezatterin
1042,1042,myguaguagua
1043,1043,lijinyong
1044,1044,scanfsec
1045,1045,Jerrynicki
1046,1046,Mysterious19
1047,1047,nfreear
1048,1048,hyacker
1049,1049,Aadryn
1050,1050,udion
1051,1051,pandorasNox
1052,1052,emilwallner
1053,1053,jonasinghammar
1054,1054,ShuyuanCao
1055,1055,the872
1056,1056,a-magdy
1057,1057,feixiangdezhu1
1058,1058,krrishd
1059,1059,fengmlo
1060,1060,jo-wu
1061,1061,mapreal19
1062,1062,wenbin691
1063,1063,baezor
1064,1064,ZhangZaipeng
1065,1065,louisun
1066,1066,asumras
1067,1067,LeonDevLifeLog
1068,1068,seansay
1069,1069,kaedea
1070,1070,piksel
1071,1071,dvy
1072,1072,lerencao
1073,1073,mingjunyang
1074,1074,Sagir1
1075,1075,VNicoAtWork
1076,1076,dmjio
1077,1077,coderfe
1078,1078,WTFilipe
1079,1079,jayknoxqu
1080,1080,vahideng
1081,1081,mowen9
1082,1082,misha-plus
1083,1083,wangming123
1084,1084,bazzooka
1085,1085,TheBlocks
1086,1086,henenlee
1087,1087,memfis19
1088,1088,bcarancibia
1089,1089,svenhornberg
1090,1090,19majkel94
1091,1091,kjellski
1092,1092,yinxk
1093,1093,sqsgalaxys
1094,1094,mslobodan
1095,1095,mrdaios
1096,1096,fdjean
1097,1097,davelab6
1098,1098,samjegal
1099,1099,gugadev
1100,1100,pywin
1101,1101,edenpan
1102,1102,ksaj
1103,1103,rohmanhm
1104,1104,phil294
1105,1105,MerryYou
1106,1106,9527y
1107,1107,gys395362440
1108,1108,baryon
1109,1109,imikailoby
1110,1110,Raldir
1111,1111,simongeek
1112,1112,jenniferSun27
1113,1113,vuNemesis
1114,1114,Jean13
1115,1115,acomagu
1116,1116,rashiq
1117,1117,mmayorivera
1118,1118,baptiste-bonnaudet
1119,1119,ParamosManuver
1120,1120,buoto
1121,1121,sectlvy
1122,1122,benjaminc79
1123,1123,JNKHunter
1124,1124,mattweber-bbg
1125,1125,depazsierra
1126,1126,noahlattari
1127,1127,joshfinnie
1128,1128,biow0lf
1129,1129,xongxong
1130,1130,bondarewicz
1131,1131,acklavidian
1132,1132,medialwerk
1133,1133,digilifecz123
1134,1134,helloljq
1135,1135,zhairui
1136,1136,omnivion
1137,1137,fresco64
1138,1138,keplersj
1139,1139,amberleyromo
1140,1140,Paulchen-Panther
1141,1141,aikikode
1142,1142,zhaoqibin
1143,1143,kjellmorten
1144,1144,bsormagec
1145,1145,psprings
1146,1146,talyssonoc
1147,1147,klesht
1148,1148,julianorafael
1149,1149,jaimelespogneqc
1150,1150,JPaulMora
1151,1151,potea
1152,1152,zunjae
1153,1153,mugli
1154,1154,lacklock
1155,1155,ajandorek
1156,1156,maxval94
1157,1157,buzuloiu
1158,1158,ambewas
1159,1159,seredov
1160,1160,ShifuYee
1161,1161,eherbert
1162,1162,ziyasal
1163,1163,george3447
1164,1164,sh78
1165,1165,ClintOxx
1166,1166,shitou9999
1167,1167,frustreated
1168,1168,piokiller
1169,1169,ribelo
1170,1170,themotu
1171,1171,go2feel
1172,1172,dmitrybugakov
1173,1173,albHun
1174,1174,ernsheong
1175,1175,DanNixon
1176,1176,chellem
1177,1177,trbck
1178,1178,nihooge
1179,1179,the-alephh
1180,1180,esoterydactyl
1181,1181,yahia1981
1182,1182,laurenmayers
1183,1183,callumkeleher
1184,1184,giovannimorlin
1185,1185,if2012
1186,1186,dangdennis
1187,1187,weaverk
1188,1188,max-b
1189,1189,paulfrom
1190,1190,flufy3d
1191,1191,EMBBlaster
1192,1192,JoeWrights
1193,1193,krdn
1194,1194,wattanar
1195,1195,saeed68gm
1196,1196,ZhuohaoMai
1197,1197,yothin
1198,1198,michaelwermeester
1199,1199,jinax
1200,1200,littldr
1201,1201,MadMinstrel
1202,1202,gmaclinuxer
1203,1203,huoyunjie
1204,1204,aivorra
1205,1205,Walker911
1206,1206,rogerluiz
1207,1207,mettabud
1208,1208,till-tomorrow
1209,1209,aegershman
1210,1210,YingRuiHuang
1211,1211,walkerning
1212,1212,hi-guy
1213,1213,sangjeedondrub
1214,1214,Enbani
1215,1215,menelike
1216,1216,twb0223
1217,1217,moschopsuk
1218,1218,nickperry
1219,1219,xuxingcan
1220,1220,mrgreen71
1221,1221,tillik
1222,1222,lianghyv
1223,1223,makyo-dev
1224,1224,juansvisbal
1225,1225,jonasfsilva
1226,1226,RinMinase
1227,1227,Syfhehe
1228,1228,wnow20
1229,1229,Thanhphan2510
1230,1230,maxtortime
1231,1231,kooksee
1232,1232,mcastilho
1233,1233,Congboss
1234,1234,andyliu-417
1235,1235,EastMod
1236,1236,BobWassermann
1237,1237,nkamsteve
1238,1238,jenil
1239,1239,infernocloud
1240,1240,thomasv314
1241,1241,haneefghanim
1242,1242,Seil0
1243,1243,diedai
1244,1244,huxiao14
1245,1245,craftedsystems
1246,1246,VinsonWood
1247,1247,malwarezoo
1248,1248,mdelmaestro
1249,1249,jackycute
1250,1250,crazy-wan
1251,1251,thejmazz
1252,1252,21hook
1253,1253,Just-maple
1254,1254,nvtuan305
1255,1255,harxu
1256,1256,Mathhiias
1257,1257,petertilsen
1258,1258,ken90242
1259,1259,AjayHao
1260,1260,violet1one
1261,1261,artman
1262,1262,hardikp
1263,1263,mfehlhaber
1264,1264,Treholt3103
1265,1265,pedromsilvapt
1266,1266,william-schmitt
1267,1267,miguelferia
1268,1268,cadeeper
1269,1269,pkhorrami4
1270,1270,MALHENNAWI
1271,1271,ccblaisdell
1272,1272,rchan
1273,1273,Manimall
1274,1274,letarg0
1275,1275,fabianofa
1276,1276,Martin-Hsu
1277,1277,Hanson96
1278,1278,sx-qiu
1279,1279,tonysm
1280,1280,micelshima
1281,1281,CNAmira
1282,1282,veggieg
1283,1283,Tahseenm
1284,1284,dearlulu
1285,1285,davecremins
1286,1286,Tetsuro
1287,1287,natechiger
1288,1288,snehasi
1289,1289,dominicglenn
1290,1290,grothk
1291,1291,evilpapa
1292,1292,samshanmukh
1293,1293,LiuYinCarl
1294,1294,ningg
1295,1295,God-Staff
1296,1296,duzhuo
1297,1297,Ruhjkg
1298,1298,scsync
1299,1299,hshu20
1300,1300,HcySunYang
1301,1301,annstriganova
1302,1302,beevelop
1303,1303,sevengo8378
1304,1304,ziggytrade
1305,1305,WillBefine26
1306,1306,belangeo
1307,1307,yankuchinsky
1308,1308,yangjiangsonggit
1309,1309,FFCZ
1310,1310,kishorerprem
1311,1311,bobvanhesse
1312,1312,Janeliuwz
1313,1313,milindbharambe
1314,1314,Necroforger
1315,1315,mgutz
1316,1316,wangh127
1317,1317,molin0000
1318,1318,larryzhao
1319,1319,Mati365
1320,1320,sasha-ch
1321,1321,badre429
1322,1322,justinGilmer
1323,1323,aeltanawy
1324,1324,dey-ritwik
1325,1325,selemtei
1326,1326,guilhermebruzzi
1327,1327,don-lab-dc
1328,1328,rickysland
1329,1329,Stenodyon
1330,1330,samuelweiler
1331,1331,jorgeluisrezende
1332,1332,cliedeman
1333,1333,Copywright
1334,1334,brkyvrkn
1335,1335,gabrielelucci
1336,1336,linzzz0
1337,1337,yj7778826
1338,1338,litvintech
1339,1339,dazinator
1340,1340,zhongsink
1341,1341,shinkwhek
1342,1342,dchusovitin
1343,1343,WeZZard
1344,1344,ad-si
1345,1345,ice2heart
1346,1346,E3V3A
1347,1347,brucelee89
1348,1348,KC-Lan
1349,1349,DONGZHANGXIWANG
1350,1350,lance27866854
1351,1351,hyesunzzang
1352,1352,jakejarrett
1353,1353,endlif
1354,1354,mghhh
1355,1355,Sutonline
1356,1356,2site
1357,1357,slok
1358,1358,waitcoding
1359,1359,ndrbrt
1360,1360,Kic3il
1361,1361,vedmalex
1362,1362,canhetingsky
1363,1363,NSCabezon
1364,1364,yueguan
1365,1365,JoviDeCroock
1366,1366,cemeyer
1367,1367,aillamsun
1368,1368,dillonzq
1369,1369,gsx123
1370,1370,MayconRMS
1371,1371,CloudOpsMHG
1372,1372,visonforcoding
1373,1373,edwardtwk
1374,1374,zhuangzhuang
1375,1375,DonutDeflector
1376,1376,Froow
1377,1377,wuchaooooo
1378,1378,nirnit
1379,1379,TeamTeaTime
1380,1380,Trejjam
1381,1381,vortigont
1382,1382,purevapies
1383,1383,Tan-He
1384,1384,amussey
1385,1385,alessio80
1386,1386,moskomule
1387,1387,nicolasramy
1388,1388,plwai
1389,1389,croth1
1390,1390,ghenter
1391,1391,mayiyun
1392,1392,stevenxian
1393,1393,samayamnag
1394,1394,odk-
1395,1395,altsyst
1396,1396,missionkao
1397,1397,furgusmo
1398,1398,kchu1337
1399,1399,awalesushil
1400,1400,vincentpurcell-noinc
1401,1401,X-Liang
1402,1402,peterdfields
1403,1403,Shimpali
1404,1404,CyrilCh
1405,1405,robyurkowski
1406,1406,a5038c
1407,1407,wtm4080
1408,1408,hoangtocdo90
1409,1409,vadviktor
1410,1410,safijari
1411,1411,EvanMiller12
1412,1412,nathanbwilson
1413,1413,cphoover
1414,1414,wule61
1415,1415,battersky
1416,1416,naibaf0
1417,1417,nikolasmagno
1418,1418,dibas
1419,1419,MMahendra001
1420,1420,iola1999
1421,1421,doulala1986
1422,1422,iblazhko
1423,1423,lvgunst
1424,1424,siriusnottin
1425,1425,zhoubo0404
1426,1426,weifengzxq
1427,1427,iagotb
1428,1428,mkshenoy
1429,1429,joshualouden
1430,1430,hoideptrai123
1431,1431,beve
1432,1432,markjszy
1433,1433,xlogik
1434,1434,wwei1102
1435,1435,yuche
1436,1436,vrejaandrei
1437,1437,chijinchao
1438,1438,lichunhong2010
1439,1439,h47e
1440,1440,charliexp
1441,1441,dlgusdn616
1442,1442,zhao5363
1443,1443,jyotipmahes
1444,1444,SenselessRage
1445,1445,zhouhounan
1446,1446,ianhawes
1447,1447,Normol
1448,1448,trmendes
1449,1449,chybatronik
1450,1450,hilljh82
1451,1451,pipamc
1452,1452,Eason-Feng
1453,1453,kSpacer201
1454,1454,cyio
1455,1455,zeg-io
1456,1456,vtthach
1457,1457,apellicc
1458,1458,m1911
1459,1459,renyuneyun
1460,1460,windcatcher
1461,1461,nbuchanan
1462,1462,gingur
1463,1463,tjmaynes
1464,1464,irvingzhang0512
1465,1465,GooberMan
1466,1466,sbalci
1467,1467,i23591326
1468,1468,Zemoj
1469,1469,baotinhoc
1470,1470,hclown9804
1471,1471,yurii-cliqz
1472,1472,ruiding1987
1473,1473,spuyet
1474,1474,rogerluo410
1475,1475,EvilStanleyGoldman
1476,1476,YukiYonekura
1477,1477,MarioCruz
1478,1478,christiansakai
1479,1479,chadscharver
1480,1480,fitzpr
1481,1481,Cdca12
1482,1482,jacobq
1483,1483,sugarshin
1484,1484,renoiser
1485,1485,windawaken
1486,1486,gericass
1487,1487,darvid
1488,1488,sesamefly
1489,1489,christian-bromann
1490,1490,alswl
1491,1491,levivm
1492,1492,sibelius
1493,1493,dgarhdez
1494,1494,pixode
1495,1495,dgilge
1496,1496,TomShine
1497,1497,rvmoura96
1498,1498,AnswerZhao
1499,1499,lostleaf
1500,1500,amrlabib
1501,1501,tanmaybhardwaj
1502,1502,dankoknad
1503,1503,raphaeljolivet
1504,1504,christianpv
1505,1505,br2me
1506,1506,mnb65482
1507,1507,blakeperdue
1508,1508,karlarao
1509,1509,knerhood
1510,1510,cubbK
1511,1511,Algram
1512,1512,deepsweet
1513,1513,gift1985
1514,1514,humanman
1515,1515,Djiit
1516,1516,aulang
1517,1517,selcuke
1518,1518,1wheel
1519,1519,shishini
1520,1520,iagolaguna
1521,1521,willybaer
1522,1522,bdaniel7
1523,1523,saikia81
1524,1524,talisk
1525,1525,AllenCX
1526,1526,shruti514
1527,1527,abasse
1528,1528,andym
1529,1529,zhangqiang110
1530,1530,magicgup
1531,1531,slightlynybbled
1532,1532,israeldantasleite
1533,1533,guolb
1534,1534,Imankooshki
1535,1535,coderchou
1536,1536,Muhnad
1537,1537,jenbarnegren
1538,1538,limeng90
1539,1539,simonegorini
1540,1540,huzongtao
1541,1541,lokiyxy
1542,1542,atty303
1543,1543,charlesvallieres
1544,1544,mgharbi
1545,1545,luruke
1546,1546,yurii-nesteruk-op
1547,1547,ch4053n61n3
1548,1548,zeerorg
1549,1549,drdaliang
1550,1550,noobjoe
1551,1551,ryan20fun
1552,1552,xvitaly
1553,1553,solie
1554,1554,andrewhamon
1555,1555,noootown
1556,1556,orlmonteverde
1557,1557,memset0
1558,1558,tr4cefl0w
1559,1559,faisal-tnvs
1560,1560,YaozhongZhang
1561,1561,dorukozturk
1562,1562,hunterallen
1563,1563,sandervspl
1564,1564,LukeMoll
1565,1565,amccaugh
1566,1566,chcorbato
1567,1567,jchristopher327
1568,1568,Shustrila
1569,1569,laucherish
1570,1570,T08145
1571,1571,lo1c
1572,1572,ghondar
1573,1573,majedev
1574,1574,CaptainPhilipp
1575,1575,zshipko
1576,1576,dlnn
1577,1577,dchalmers
1578,1578,double-u-a
1579,1579,kisenka
1580,1580,note
1581,1581,mlaprise
1582,1582,gleefulbird
1583,1583,Qianli123
1584,1584,greysquirr3l
1585,1585,narendraj9
1586,1586,olegakbarov
1587,1587,kakkoyun
1588,1588,FranciscoAT
1589,1589,liamgriffiths
1590,1590,simber72
1591,1591,helpermethod
1592,1592,halona719719
1593,1593,LIUIIA
1594,1594,xiaohuazhai
1595,1595,SmallAnimal
1596,1596,Hazmes
1597,1597,epitaphmike
1598,1598,15922660642
1599,1599,alvesjtiago
1600,1600,Merphoebus
1601,1601,changbiao
1602,1602,yeahalti
1603,1603,randName
1604,1604,rafasirotheau
1605,1605,StuartPBW
1606,1606,YaFou
1607,1607,chongyi
1608,1608,NightMachinary
1609,1609,afirez
1610,1610,weijiangan
1611,1611,gaoyuexit
1612,1612,Aryb1n
1613,1613,hinrikg
1614,1614,maciejjankowski
1615,1615,Vftdan
1616,1616,sunzehao
1617,1617,jahumen
1618,1618,dr-curiosity
1619,1619,singletS
1620,1620,chimoveon
1621,1621,i-mw
1622,1622,luozhijunc
1623,1623,talysonrafael
1624,1624,si1k
1625,1625,samegit
1626,1626,ryanisaacg
1627,1627,jamiewade
1628,1628,chinjon
1629,1629,thatguysimon
1630,1630,adimenia
1631,1631,yhbuao
1632,1632,milti
1633,1633,syrusakbary
1634,1634,frilxy
1635,1635,1x0
1636,1636,MonkSoul
1637,1637,andreasbhansen
1638,1638,AladdinHZ
1639,1639,rottenpen
1640,1640,Alveel
1641,1641,johnie
1642,1642,mdiyakov
1643,1643,mhorstmann
1644,1644,wantpinow
1645,1645,taylortaurus
1646,1646,GeekGL
1647,1647,alexnkoua
1648,1648,sendevour
1649,1649,nprokopic
1650,1650,barnumbirr
1651,1651,CHYbeta
1652,1652,marianoviola
1653,1653,xinzhiye17lai
1654,1654,marlonfan
1655,1655,hadrienj
1656,1656,mdoar
1657,1657,normanbrobinson
1658,1658,spinach
1659,1659,kuitos
1660,1660,gamblenull1996
1661,1661,cisen
1662,1662,tylerforesthauser
1663,1663,rnarkk
1664,1664,irazasyed
1665,1665,manueljtejada
1666,1666,gukz
1667,1667,429463267
1668,1668,Hackergeek
1669,1669,bplus
1670,1670,mschwager
1671,1671,leeYuSky
1672,1672,bwilsoni
1673,1673,lbscut
1674,1674,skeet
1675,1675,vaneenige
1676,1676,jnghom
1677,1677,mcastagnetti
1678,1678,Jacob2J
1679,1679,xiaodongde
1680,1680,qicaiyun
1681,1681,indyaah
1682,1682,dpihac
1683,1683,trackiss
1684,1684,visayafan
1685,1685,rolandhartanto
1686,1686,zsc347
1687,1687,wlemuel
1688,1688,SoMuchSpace
1689,1689,uschtwill
1690,1690,LpmRaven
1691,1691,vagifzeynalov
1692,1692,apexpilatus
1693,1693,pejorativefox
1694,1694,alhadhrami
1695,1695,IceBear2k
1696,1696,NineF
1697,1697,moweiran
1698,1698,lilymona
1699,1699,swordCj
1700,1700,kevnm67
1701,1701,pedrorio
1702,1702,LegendaryKim
1703,1703,zyud
1704,1704,cankatm
1705,1705,wawss
1706,1706,viewpnt
1707,1707,1332508387
1708,1708,CubexX
1709,1709,RyanAltman
1710,1710,lshengjian
1711,1711,sdenaro
1712,1712,XiaoTonyLuo
1713,1713,nathan815
1714,1714,lixianshen
1715,1715,kazupon
1716,1716,juanlabrador
1717,1717,oxyo
1718,1718,sethlsx
1719,1719,zhujingfa
1720,1720,leekiernan
1721,1721,riccardoerra
1722,1722,humazed
1723,1723,ewangke
1724,1724,richardherald
1725,1725,Skygimes
1726,1726,fxghqc
1727,1727,DivineOmega
1728,1728,xufeng95
1729,1729,gtallen1187
1730,1730,HalidCisse
1731,1731,guylepage3
1732,1732,roymor1
1733,1733,renzhexigua
1734,1734,cocomanbar
1735,1735,shikhir-arora
1736,1736,honghuac
1737,1737,hnrysmth
1738,1738,webermn15
1739,1739,luongbeta2
1740,1740,lostromb
1741,1741,d2phap
1742,1742,cohadar
1743,1743,xiaoyanxh
1744,1744,jakewarren
1745,1745,bart747
1746,1746,ElieKadoche
1747,1747,yejiancong
1748,1748,jghibiki
1749,1749,jaworekmichal-at-zooplus
1750,1750,Cyramek
1751,1751,Arci
1752,1752,achanda101
1753,1753,aoboturov
1754,1754,ryokishita
1755,1755,intercake
1756,1756,zikani03
1757,1757,glj233
1758,1758,xiaoheiai4719
1759,1759,tmnsun
1760,1760,cbcoutinho
1761,1761,Tgo1014
1762,1762,PauloEnoque
1763,1763,lianghuiyuan
1764,1764,xuelu198708
1765,1765,liuchungui
1766,1766,MarkosKon
1767,1767,cornguo
1768,1768,zhoujiahua
1769,1769,ciacy
1770,1770,jeemyeong
1771,1771,knorth55
1772,1772,zetachang
1773,1773,ericmaciel
1774,1774,cocowalla
1775,1775,gchiappe
1776,1776,scj2085
1777,1777,Dikz
1778,1778,BrunnerLivio
1779,1779,yuliannakorol
1780,1780,woo3433
1781,1781,gsaslis
1782,1782,gabygarro
1783,1783,ljshj
1784,1784,NejiHyuga900
1785,1785,radhefa
1786,1786,rohitjmathew
1787,1787,StephanRichter
1788,1788,antfroger
1789,1789,adamlewkowicz
1790,1790,mchaitanya
1791,1791,diffractometer
1792,1792,atjs
1793,1793,Resonious
1794,1794,dballance
1795,1795,nikhilnayak98
1796,1796,cc-crack
1797,1797,MaLijia-thss15
1798,1798,icanzilb
1799,1799,browniefed
1800,1800,peakcool
1801,1801,InnovativeInventor
1802,1802,AnyOfYou
1803,1803,b1n4ryj4n
1804,1804,zzir
1805,1805,uekilim
1806,1806,vishnuatrai
1807,1807,marwanhilmi
1808,1808,JoeAndroid
1809,1809,vueu
1810,1810,jonemi
1811,1811,tonyhschu
1812,1812,y-hryk
1813,1813,EverestJoo
1814,1814,ilnanny
1815,1815,real52010
1816,1816,intrussec
1817,1817,santiestra
1818,1818,CodingWalrus
1819,1819,Kronhyx
1820,1820,schlenkibus
1821,1821,leesander1
1822,1822,af8
1823,1823,TheOriginalJosh
1824,1824,da-edra
1825,1825,phiedulxp
1826,1826,ThinkingInMe
1827,1827,rhymes
1828,1828,marcin32
1829,1829,mlctrez
1830,1830,mncedim
1831,1831,ernanielyjr
1832,1832,ebekker
1833,1833,ninoNinkovic
1834,1834,henryscala
1835,1835,thanhtoan1196
1836,1836,nhom
1837,1837,Wang-Yikai
1838,1838,ghbgithub
1839,1839,lkebin
1840,1840,wakqasahmed
1841,1841,Liuyis
1842,1842,SlivTaMere
1843,1843,fegg
1844,1844,crusoexia
1845,1845,jawjay
1846,1846,KazamaSion
1847,1847,zzzh
1848,1848,akun2014
1849,1849,dairejpwalsh
1850,1850,s7core
1851,1851,davidsheardown
1852,1852,mkilijanek
1853,1853,SverrirWork
1854,1854,RigVix
1855,1855,benarroyo
1856,1856,mrblamber
1857,1857,gpfunk
1858,1858,jperl
1859,1859,AndrassGray
1860,1860,philfish
1861,1861,gasparian
1862,1862,oximenvn
1863,1863,995085226
1864,1864,anolek
1865,1865,cristianossd
1866,1866,DesmondANIMUS
1867,1867,fikedev
1868,1868,yethu
1869,1869,marka2g
1870,1870,lykmapipo
1871,1871,mmejdoubi
1872,1872,mschneider82
1873,1873,krofax
1874,1874,jamesoly
1875,1875,dskay3
1876,1876,cah-calebboyd
1877,1877,amongstar
1878,1878,AdriaRios
1879,1879,tapn2it
1880,1880,cvigano
1881,1881,1qk1
1882,1882,liweiyuan
1883,1883,lillypad
1884,1884,qqraise
1885,1885,diyclassics
1886,1886,michalraska
1887,1887,Moikapy
1888,1888,lookfirst
1889,1889,greenstack
1890,1890,Wangbicong
1891,1891,mtowara
1892,1892,megaad-crim
1893,1893,Angristan
1894,1894,Ccapton
1895,1895,col1985
1896,1896,rodion-arr
1897,1897,bisoldi
1898,1898,Demogorgon314
1899,1899,ctg168
1900,1900,dvcstest
1901,1901,leoatpolaris
1902,1902,liucg1990
1903,1903,zonetti
1904,1904,thiefuniverse
1905,1905,snowasnow
1906,1906,zaleGZL
1907,1907,nsmatters
1908,1908,ItsChoudhry
1909,1909,superquest
1910,1910,tomhodgins
1911,1911,ho4040
1912,1912,snajby
1913,1913,BetterManLyl
1914,1914,AdrianLogan
1915,1915,8zf
1916,1916,travishaagen
1917,1917,tigercallme
1918,1918,edm00se
1919,1919,zy4
1920,1920,JoneAcme
1921,1921,Dynode
1922,1922,madma
1923,1923,mayingpeng
1924,1924,stephenwinsor
1925,1925,RhettTrickett
1926,1926,thelebster
1927,1927,dimashky
1928,1928,grandprixgp
1929,1929,adrianganea
1930,1930,luolitao
1931,1931,murnax
1932,1932,wkentaro
1933,1933,handpressed
1934,1934,MeghanKulkarni
1935,1935,lawrencek0
1936,1936,tarebyte
1937,1937,natacado
1938,1938,shakeeltariq
1939,1939,xianyuMeng
1940,1940,ReadingCommando
1941,1941,dmi-ch
1942,1942,sumitchn
1943,1943,andreyantipov
1944,1944,garethbjohnson
1945,1945,metehan
1946,1946,rordi
1947,1947,sonong
1948,1948,draxil
1949,1949,mxuribe
1950,1950,c-newcomer
1951,1951,soomro
1952,1952,jcandia2
1953,1953,newraina
1954,1954,RyanHope97
1955,1955,mzhhzm007
1956,1956,javaFather
1957,1957,SSiefert
1958,1958,clauderic
1959,1959,DevHelloUser
1960,1960,jaune162
1961,1961,junior-2016
1962,1962,stacysn
1963,1963,MrGoogol
1964,1964,kristjank
1965,1965,DavidSkrundz
1966,1966,xialikun
1967,1967,hubuntub
1968,1968,lulaone
1969,1969,hisano
1970,1970,lishuna
1971,1971,eric-lindau
1972,1972,y-temp4
1973,1973,strint
1974,1974,Sunno
1975,1975,dotamir
1976,1976,alloai
1977,1977,zshchou
1978,1978,JimmyLv
1979,1979,haoduotnt
1980,1980,jbrw
1981,1981,mgtitimoli
1982,1982,Sobaya007
1983,1983,kevin110110
1984,1984,agussell
1985,1985,JeffFerguson
1986,1986,IamHDT
1987,1987,moycat
1988,1988,jjz
1989,1989,ouzhou
1990,1990,sfhosley
1991,1991,christophercr
1992,1992,hbbaly
1993,1993,chinaguoliang
1994,1994,Modulonion
1995,1995,salman94
1996,1996,conyum
1997,1997,dangvanthanh
1998,1998,jelhaouchi
1999,1999,cchamm
2000,2000,skorasaurus
2001,2001,liuraym5
2002,2002,syw0602
2003,2003,STX2k
2004,2004,vladislav-andreevich
2005,2005,qhdong
2006,2006,bensie
2007,2007,daixijun
2008,2008,Rebaiahmed
2009,2009,aliasmee
2010,2010,anuark
2011,2011,Letra312
2012,2012,tomduhourq
2013,2013,fieg
2014,2014,feanlau
2015,2015,swederik
2016,2016,echaouchna
2017,2017,TESTYUSER23
2018,2018,gcor
2019,2019,ericsackett
2020,2020,consolko
2021,2021,beatyGirl
2022,2022,mabynogy
2023,2023,carloschulo
2024,2024,twtiyb
2025,2025,wuhaobest1
2026,2026,Thons
2027,2027,Bob191191
2028,2028,aminrasouli
2029,2029,canon4ever
2030,2030,steadylearner
2031,2031,afi13
2032,2032,DonjuanChu
2033,2033,rom1504
2034,2034,clarkesmithmichael2018
2035,2035,lukaszklis
2036,2036,zzhignore1
2037,2037,willianvargas
2038,2038,alexcwilliamson
2039,2039,dnlmr
2040,2040,wdxgtsh
2041,2041,AvraamMavridis
2042,2042,TimBiden
2043,2043,lvitali
2044,2044,ArchieHicklin
2045,2045,teaey
2046,2046,denouche
2047,2047,cjhahaha
2048,2048,PataPon666
2049,2049,ZengQingLinZ
2050,2050,zzrcxb
2051,2051,ferranpujolcamins
2052,2052,cryoff
2053,2053,tom-james-watson
2054,2054,aroundall
2055,2055,HQ1995
2056,2056,cantide5ga
2057,2057,neonalton
2058,2058,kawikao
2059,2059,layiw
2060,2060,guandeng
2061,2061,enigmaIam
2062,2062,JoshuaDietz
2063,2063,fandy
2064,2064,wyhmumu
2065,2065,princewck
2066,2066,shaokunzhang
2067,2067,brandonmowat
2068,2068,iaminstanceof
2069,2069,lvningfeng
2070,2070,dduransseau
2071,2071,Docrong
2072,2072,gmsecrieru
2073,2073,rjuju
2074,2074,udtrokia
2075,2075,tux-00
2076,2076,DesmondPang
2077,2077,oriolaguilar
2078,2078,junfengwang
2079,2079,SamoilenkoF
2080,2080,harishkool
2081,2081,shernshiou
2082,2082,AugustMiao
2083,2083,rpdever
2084,2084,crack521
2085,2085,katywings
2086,2086,matrefeytontias
2087,2087,jy90
2088,2088,rbalog
2089,2089,JosephRusso93
2090,2090,kozlown
2091,2091,darrenbutcher
2092,2092,zst123
2093,2093,FuyaoLi2017
2094,2094,chaying2016
2095,2095,lrq3000
2096,2096,seansmyth
2097,2097,vendethiel
2098,2098,mgallo
2099,2099,shardulnegi21
2100,2100,nickstares
2101,2101,vromero
2102,2102,haardikk21
2103,2103,burkaydurdu
2104,2104,anythingDiz
2105,2105,ThiagoGarciaAlves
2106,2106,neobug
2107,2107,RenanZll
2108,2108,xihesi
2109,2109,synnz
2110,2110,pinball83
2111,2111,mzoz
2112,2112,Abdalla-120
2113,2113,renanlara
2114,2114,gary149
2115,2115,rhelsing
2116,2116,dawsonfi
2117,2117,liangjingmin
2118,2118,GabrielMalakias
2119,2119,daneshih1125
2120,2120,mlsieg
2121,2121,Dvorson
2122,2122,maskull
2123,2123,emekoi
2124,2124,jonathanpalma
2125,2125,ThatAlexanderA
2126,2126,dwahyudi
2127,2127,hguerra
2128,2128,jonathan1440
2129,2129,RickiB-DK
2130,2130,dhwanilvyas
2131,2131,ignasiluengo-letgo
2132,2132,eyeseast
2133,2133,tcqq
2134,2134,leeing
2135,2135,raethlein
2136,2136,ZeDingo
2137,2137,stellz
2138,2138,MajiBND
2139,2139,turner-martytrujillo
2140,2140,denisfitz57
2141,2141,jkahn117
2142,2142,ifhw
2143,2143,anphunl
2144,2144,slachiewicz
2145,2145,marcosscriven
2146,2146,clinejj
2147,2147,Mafii
2148,2148,rogerhung
2149,2149,TUThututu
2150,2150,itspladd
2151,2151,MaryDonovanMartello
2152,2152,ArbazMateen
2153,2153,adityaholla
2154,2154,Cakedy
2155,2155,karacas
2156,2156,smg478
2157,2157,19431
2158,2158,nirmaldalmia
2159,2159,BreahnaDavid
2160,2160,AgeOfMarcus
2161,2161,rankun203
2162,2162,Moore-Jimmy
2163,2163,danielhe
2164,2164,devdgit
2165,2165,aleung
2166,2166,andatche
2167,2167,handsomeJs
2168,2168,MarkWarriors
2169,2169,viossat
2170,2170,nawangcode
2171,2171,mrguangtu
2172,2172,alifurkanbudak
2173,2173,NoX1De
2174,2174,samybeng
2175,2175,tobymilner
2176,2176,zhuanget
2177,2177,jbrook
2178,2178,istemi
2179,2179,eNzyOfficial
2180,2180,TheoMorel
2181,2181,alfonmga
2182,2182,favorit
2183,2183,Guyana345
2184,2184,shuo616
2185,2185,leiray
2186,2186,zappen999
2187,2187,explooosion
2188,2188,Leoooob
2189,2189,imaxwelll
2190,2190,adi518
2191,2191,luiscielak
2192,2192,LerDer
2193,2193,biscuitsking
2194,2194,Vampx
2195,2195,bubble501
2196,2196,czas09
2197,2197,phuna
2198,2198,khzaw
2199,2199,jinbeomhong
2200,2200,johinsDev
2201,2201,opisen
2202,2202,ad19
2203,2203,agathver
2204,2204,aiwas
2205,2205,nelsonvassalo
2206,2206,DerekHunter
2207,2207,irnjunior
2208,2208,xuboyangdut
2209,2209,TerminatorP
2210,2210,banchichen
2211,2211,blueyo
2212,2212,jherron77
2213,2213,icecory
2214,2214,cheikhsadbouh
2215,2215,erathostene
2216,2216,Adrian2112
2217,2217,fdiotalevi
2218,2218,jackorias
2219,2219,mzubaili
2220,2220,yskzoba
2221,2221,agupta231
2222,2222,oelizondo
2223,2223,ElenAnis
2224,2224,drewdorris
2225,2225,SirWhy
2226,2226,tangcangit
2227,2227,sulphur
2228,2228,polozzz
2229,2229,ptghb
2230,2230,pushred
2231,2231,codechris
2232,2232,a-syam
2233,2233,fosskers
2234,2234,sdcuike
2235,2235,ashleymercer
2236,2236,pcmaffey
2237,2237,donalddong
2238,2238,GerHobbelt
2239,2239,NetTravel1
2240,2240,leojohnthomas
2241,2241,lily55
2242,2242,anoubis-irq5
2243,2243,KattMingMing
2244,2244,raisiqueira
2245,2245,jvillarejo
2246,2246,linusha
2247,2247,adrier
2248,2248,bhaskarmurthy
2249,2249,aegorfk
2250,2250,wangfmD
2251,2251,killoid
2252,2252,yanzeming
2253,2253,theodesp
2254,2254,ryanhefner
2255,2255,Eternity8013
2256,2256,igolden
2257,2257,Tasemu
2258,2258,zchuhui
2259,2259,clarkdave
2260,2260,solackerman
2261,2261,kumalee
2262,2262,seblw
2263,2263,interjc
2264,2264,heliocarbex
2265,2265,amit1870
2266,2266,tape88
2267,2267,achook
2268,2268,TripleJ547
2269,2269,bmwenda
2270,2270,AbdallahAHO
2271,2271,Anemy
2272,2272,tncyysl
2273,2273,Stingertough
2274,2274,voidspiral
2275,2275,xinghao2003
2276,2276,HelloWorld1661
2277,2277,klamparski
2278,2278,412745310
2279,2279,gnehz972
2280,2280,magnus1984
2281,2281,crudexec
2282,2282,Exrick
2283,2283,chhh
2284,2284,Queopius
2285,2285,vinsonw
2286,2286,rahichesoft
2287,2287,ThomsCass
2288,2288,wakest
2289,2289,emanuelenardi
2290,2290,onemoongit
2291,2291,mr-tabasco
2292,2292,akss1
2293,2293,hirokyun
2294,2294,seedgabo
2295,2295,mlynekt
2296,2296,abkruse
2297,2297,mallej
2298,2298,rsavko
2299,2299,Bauerpauer
2300,2300,mikeulvila
2301,2301,witnickjoseph
2302,2302,rubenspessoa
2303,2303,djtech42
2304,2304,Running123
2305,2305,MilesOkeefe
2306,2306,lxstorm
2307,2307,473867143
2308,2308,ideapad
2309,2309,koobitor
2310,2310,sbekti
2311,2311,kunalgorithm
2312,2312,fengjianyun
2313,2313,AlexisDanizan
2314,2314,xiangsxuan
2315,2315,lancer-xia
2316,2316,menorki
2317,2317,Akecel
2318,2318,koolay
2319,2319,Lipdk
2320,2320,fncosin
2321,2321,hiiakku
2322,2322,oluwadamilola
2323,2323,HalfEatenPie
2324,2324,hirobo
2325,2325,yuceltoluyag
2326,2326,ren165388
2327,2327,owelinux
2328,2328,TysonAndre
2329,2329,s3rgiosan
2330,2330,djy0
2331,2331,dyhalmeida
2332,2332,minminvan
2333,2333,geokhoury
2334,2334,MatthewLQM
2335,2335,julesce
2336,2336,xyz1001
2337,2337,6220119
2338,2338,kopelli
2339,2339,mitchellwrosen
2340,2340,AmitDigga
2341,2341,covaleti
2342,2342,JETYIN
2343,2343,CyberseRedHat
2344,2344,alectro
2345,2345,ans76
2346,2346,GalaxyDream
2347,2347,abnerCrack
2348,2348,alexeroshin
2349,2349,clarktang
2350,2350,eJayYoung
2351,2351,aehsaeiRH
2352,2352,MwumLi
2353,2353,WilsonAcostaYeyes
2354,2354,jzqava
2355,2355,zz1211
2356,2356,guleihu
2357,2357,Muosvr
2358,2358,satom99
2359,2359,oxmcvusd
2360,2360,tarekskr
2361,2361,Tolchi
2362,2362,br0p0p
2363,2363,peiqianggao
2364,2364,LJason77
2365,2365,gabolaev
2366,2366,ah9988
2367,2367,poaongithub
2368,2368,DierMeng
2369,2369,silbertmonaphia
2370,2370,magodaw486
2371,2371,Yusifelawawdeh
2372,2372,QuinnyPig
2373,2373,dzucconi
2374,2374,PurityZw
2375,2375,schalkburger
2376,2376,katunch
2377,2377,sompylasar
2378,2378,lichuang
2379,2379,dzhangupgrade
2380,2380,DyadicGit
2381,2381,MakStashkevich
2382,2382,lordcirth
2383,2383,vandie
2384,2384,FelixEder
2385,2385,fdhoff
2386,2386,decli
2387,2387,moussavou91
2388,2388,bbohen
2389,2389,haidian6672
2390,2390,kevinbourassahoule
2391,2391,hmkim
2392,2392,OneForward
2393,2393,AlexSleepy
2394,2394,franciscojsj
2395,2395,ekardnam
2396,2396,ftballpack
2397,2397,st3phan
2398,2398,haoliangyu
2399,2399,a-pavlov-parc
2400,2400,shyshywhy
2401,2401,mariotacke
2402,2402,bukefenjie
2403,2403,ColdGrub1384
2404,2404,kevinburke
2405,2405,steelersd
2406,2406,RadiObad
2407,2407,sinomiko
2408,2408,MattHardcastle
2409,2409,cheuk123154
2410,2410,MarioGruda
2411,2411,hail2thief
2412,2412,saberShenFeng
2413,2413,loofeek
2414,2414,j-d-b
2415,2415,mhlinder
2416,2416,zxdawn
2417,2417,rezonanc
2418,2418,kLabz
2419,2419,sergeybekrin
2420,2420,blaketarter
2421,2421,LukeLinXu
2422,2422,garrettmmoore
2423,2423,sindey1982
2424,2424,PopFisher
2425,2425,johnzweng
2426,2426,aguther
2427,2427,KaiserWerk
2428,2428,goranseric
2429,2429,filipnathanel
2430,2430,MaAnShanGuider
2431,2431,jaredly
2432,2432,PriteshJain
2433,2433,hollsteinm
2434,2434,Anarchoschnitzel
2435,2435,dfjs
2436,2436,riteshhota2008
2437,2437,chenhg5
2438,2438,alexmprog
2439,2439,Zyst
2440,2440,Giorgiodavis
2441,2441,abunur
2442,2442,marcoribeiroweb
2443,2443,theddaywork
2444,2444,cjc121703
2445,2445,chengtengfei
2446,2446,imkrupal
2447,2447,mthbernardes
2448,2448,jack-pallot
2449,2449,BSAsecure
2450,2450,Dith3r
2451,2451,klausenbusk
2452,2452,ddoro
2453,2453,Gargron
2454,2454,JiaPing1019
2455,2455,dientc
2456,2456,xiaozhongliu
2457,2457,pyting
2458,2458,haojunyu
2459,2459,luizvaz
2460,2460,dabrown
2461,2461,Cyberhan123
2462,2462,terurou
2463,2463,clintonpuge
2464,2464,nelak
2465,2465,bharathirajagit
2466,2466,loziju
2467,2467,piaoruiqing
2468,2468,onurgenc
2469,2469,7a6163
2470,2470,mathikabi
2471,2471,tungsheng
2472,2472,benoror
2473,2473,fraefel
2474,2474,mdedirudianto
2475,2475,AimeeKnight
2476,2476,SeekerGalahad
2477,2477,jhall39
2478,2478,ksavich
2479,2479,cenit
2480,2480,zhouqilin1993
2481,2481,hi85gh
2482,2482,thiagoarmede
2483,2483,halol
2484,2484,nos19880918
2485,2485,hellcoderz
2486,2486,Hothaifa
2487,2487,zourtney
2488,2488,rushadantia
2489,2489,netbek
2490,2490,vschoener
2491,2491,joemonkeylee
2492,2492,peterhurford
2493,2493,IamEgor
2494,2494,adrianogil
2495,2495,reynir
2496,2496,ancientrs
2497,2497,PUGE
2498,2498,JVMAK
2499,2499,gyingqiang
2500,2500,laizy
2501,2501,kandebonfim
2502,2502,jeneser
2503,2503,gcoloz
2504,2504,Kotauror
2505,2505,HelloTan
2506,2506,marksee
2507,2507,mtso
2508,2508,Cyrille37
2509,2509,hfchenxiaolong
2510,2510,ddk9499
2511,2511,legkvla
2512,2512,OlegIDmitriev
2513,2513,andreinitescu
2514,2514,plotkin1996
2515,2515,liguwe
2516,2516,jdillard
2517,2517,clapmyhands
2518,2518,CarpeDiemJR
2519,2519,maurorappa
2520,2520,lquatrin
2521,2521,sheldonhull
2522,2522,Rcomian
2523,2523,JieMEI1994
2524,2524,TomboFry
2525,2525,OverMind79
2526,2526,dml830830
2527,2527,brunob182
2528,2528,Marc-Andre-Rivet
2529,2529,arminsolecki
2530,2530,Szmyk
2531,2531,gnufied
2532,2532,jhonatan89
2533,2533,louiscklaw
2534,2534,yundom
2535,2535,r06922019
2536,2536,hapzhu
2537,2537,Prattjames
2538,2538,djadriano
2539,2539,grevaillot
2540,2540,fuqi1001
2541,2541,blueish
2542,2542,laonainai
2543,2543,micross
2544,2544,marcilio
2545,2545,Augustin82
2546,2546,moorgrove
2547,2547,gkrost
2548,2548,larissaamancio
2549,2549,LitoMore
2550,2550,269957022
2551,2551,kahwai1984
2552,2552,jwmwalrus
2553,2553,JamesTansz
2554,2554,daern91
2555,2555,Diam4ik
2556,2556,JNeiger
2557,2557,Cozonacci
2558,2558,Dsweih
2559,2559,754971664
2560,2560,Digonal
2561,2561,gerxiu
2562,2562,mmcparlane
2563,2563,knownasilya
2564,2564,bperl
2565,2565,henrydobson
2566,2566,meatwallace
2567,2567,Sija
2568,2568,altbdoor
2569,2569,darioseidl
2570,2570,rudijs
2571,2571,HelloQingGuo
2572,2572,jatin085
2573,2573,zyk2290
2574,2574,NerdyPepper
2575,2575,widunix
2576,2576,bklynate
2577,2577,mrzw
2578,2578,nicolemcintyre
2579,2579,mdupuis
2580,2580,faysalE13
2581,2581,revolunet
2582,2582,maurice-g
2583,2583,ronalddas
2584,2584,eliasIrrelefant
2585,2585,bshawk
2586,2586,angelol
2587,2587,aleksandar-despotovksi-finki
2588,2588,gtalarico
2589,2589,Aitical
2590,2590,mo-mann
2591,2591,thonatos
2592,2592,alexstoick
2593,2593,ronaldosaheki
2594,2594,jpratt9
2595,2595,atomgomba
2596,2596,objectx
2597,2597,Bassov
2598,2598,cashiwamochi
2599,2599,v3nturetheworld
2600,2600,spikeheap
2601,2601,quobit
2602,2602,danvanderboom
2603,2603,lenonVinhas
2604,2604,oktomus
2605,2605,mati865
2606,2606,sunstdot
2607,2607,nobalai
2608,2608,JinBinPeng
2609,2609,rogermanich
2610,2610,ccapua
2611,2611,Nikamura
2612,2612,mathcale
2613,2613,yairJCT
2614,2614,jtong
2615,2615,gilbertoca
2616,2616,zzghost
2617,2617,maxcorbeau
2618,2618,tanelhiob
2619,2619,sylcjl
2620,2620,kingyangcn
2621,2621,rijine
2622,2622,aminb
2623,2623,minterjiang
2624,2624,jany3534
2625,2625,colinforzeal
2626,2626,nestedscope
2627,2627,AndyJS
2628,2628,TonyChouZJU
2629,2629,l4u
2630,2630,nathantwarne
2631,2631,marospekarik
2632,2632,ndelvalle
2633,2633,yemq3
2634,2634,btwardow
2635,2635,vivekmalneedi
2636,2636,GrimLink
2637,2637,K-YO-SHI
2638,2638,alex-verve
2639,2639,uxjulia
2640,2640,darshil
2641,2641,lehoffma
2642,2642,leandrocarra-luizalabs
2643,2643,Tianyu5177
2644,2644,AlexanderPavlenko
2645,2645,Cygra
2646,2646,shaneowens
2647,2647,soupault
2648,2648,abellsmythe
2649,2649,sepuckett86
2650,2650,mdugue
2651,2651,sh2zqp
2652,2652,JFrankfurt
2653,2653,puskuruk
2654,2654,langyo
2655,2655,dungnteva0609
2656,2656,byteshiva
2657,2657,bemayr
2658,2658,cquillet
2659,2659,daisyfoto
2660,2660,mbusby
2661,2661,SecureThisShit
2662,2662,yangceng
2663,2663,hernangonzalez
2664,2664,chienius
2665,2665,awenblue
2666,2666,memanikantan
2667,2667,zubkovdv
2668,2668,alberto-esposito
2669,2669,laventura
2670,2670,cieslakdawid
2671,2671,jeffishow
2672,2672,just1689
2673,2673,wunaidev
2674,2674,shanyinshuiyue
2675,2675,vadimDidenko
2676,2676,NorihiroNakaoka
2677,2677,luizalexandrew
2678,2678,ErichGB
2679,2679,punkyoon
2680,2680,Bernice2017
2681,2681,forrestning
2682,2682,zhuzhanshi
2683,2683,lifanlife
2684,2684,jcampbell05
2685,2685,moorara
2686,2686,mpanik
2687,2687,dmkcv
2688,2688,aijun198600
2689,2689,brouxhaha
2690,2690,mmanela
2691,2691,jamtg
2692,2692,ITCSsDeveloper
2693,2693,hellsan631
2694,2694,DanielHearn
2695,2695,mamadnazar
2696,2696,Fornuo
2697,2697,spacecowb0y
2698,2698,suleitian
2699,2699,klingtnet
2700,2700,StephenOTT
2701,2701,utf7
2702,2702,SatyaSudheer
2703,2703,luojiyin1987
2704,2704,FraDeliro
2705,2705,iamzxj
2706,2706,themrwilliams
2707,2707,AFI19K
2708,2708,Lexflex
2709,2709,srenatus
2710,2710,werner
2711,2711,mgadott
2712,2712,mastilver
2713,2713,nhuttrung
2714,2714,hongshibao
2715,2715,christophergeiger3
2716,2716,RPing
2717,2717,Lukas0101
2718,2718,jfkr
2719,2719,czhj
2720,2720,wenhoo
2721,2721,grey4D
2722,2722,drichert
2723,2723,christophered
2724,2724,anuragkhare
2725,2725,henryhschen
2726,2726,e-ssp
2727,2727,mikhailsidorov
2728,2728,mvzmvcaof
2729,2729,mayribeiro
2730,2730,collindching
2731,2731,Grifs99
2732,2732,mapleFU
2733,2733,a4186597
2734,2734,etechi
2735,2735,zikhan
2736,2736,victorluft
2737,2737,suchvaliant
2738,2738,mblack20
2739,2739,josemsantos
2740,2740,dudarau
2741,2741,fr0mhell
2742,2742,RubcovSA
2743,2743,NikosVlagoidis
2744,2744,C-Nev
2745,2745,louiskoo520
2746,2746,lsdlinshunda
2747,2747,iTriumph
2748,2748,Jupiterrr
2749,2749,zhilizhui
2750,2750,Klaudioz
2751,2751,z4cco
2752,2752,nanpi
2753,2753,alessioforte
2754,2754,artofcode
2755,2755,ALFmachine
2756,2756,leorog
2757,2757,hoodwink73
2758,2758,sgjr
2759,2759,ImVexed
2760,2760,charlesymt
2761,2761,pauliusef
2762,2762,iafboy
2763,2763,philayres
2764,2764,zocean
2765,2765,lukewhchen
2766,2766,lucaslohne
2767,2767,Jerusalemsbell
2768,2768,k-lepa
2769,2769,romkazem
2770,2770,LucianoPAlmeida
2771,2771,michaeltinsley
2772,2772,bardelch
2773,2773,Setsun
2774,2774,mediaprophet
2775,2775,IRuslan
2776,2776,esm0012
2777,2777,olegkalina
2778,2778,Leighembee
2779,2779,danzek
2780,2780,huicongfu
2781,2781,aykamko
2782,2782,gretchenmarie
2783,2783,ahtee
2784,2784,iSWORD
2785,2785,rbramwell
2786,2786,9ak47er
2787,2787,hjgraca
2788,2788,Max-Burgess
2789,2789,reihned
2790,2790,arkban
2791,2791,sheh
2792,2792,jyhsu2000
2793,2793,LvanWissen
2794,2794,jplpereira
2795,2795,aksmiyazaki
2796,2796,d3v0purr
2797,2797,justinushermawan
2798,2798,yxliang01
2799,2799,pmolaro
2800,2800,pemagnier
2801,2801,Ring0Mob
2802,2802,KirisakiAria
2803,2803,adeng2002
2804,2804,funksft
2805,2805,fireworkor
2806,2806,ExpLife0011
2807,2807,infiniteluke
2808,2808,b4456609
2809,2809,danie1f
2810,2810,jvalinsky
2811,2811,mystylemylife
2812,2812,ywanhzy
2813,2813,HEIXE
2814,2814,hansott
2815,2815,AlexPnt
2816,2816,samihadouaj
2817,2817,faahbih
2818,2818,natp0ng
2819,2819,julsburgs
2820,2820,abhishekraok
2821,2821,Truth611
2822,2822,NeroCube
2823,2823,JockVanDallas
2824,2824,daitao
2825,2825,Jeanlst
2826,2826,TheLester
2827,2827,RobDesideri
2828,2828,CodeSheng
2829,2829,nick-paul
2830,2830,kbkrunner
2831,2831,ArthurVenturin
2832,2832,AdemHodzic
2833,2833,JosielSantos
2834,2834,danielsss
2835,2835,jaldhar
2836,2836,ccqpein
2837,2837,arodik
2838,2838,luozhihui
2839,2839,fkr
2840,2840,FungusHumungus
2841,2841,TaLHa4203
2842,2842,alisle
2843,2843,mitaa1
2844,2844,amnesiack
2845,2845,mgalardini
2846,2846,giovanifss
2847,2847,marcelvoss
2848,2848,ericadamski
2849,2849,mmdevsp
2850,2850,misko321
2851,2851,hussani
2852,2852,passchaos
2853,2853,taiansu
2854,2854,sekkit
2855,2855,justinhachemeister
2856,2856,franckrasolo
2857,2857,dgarciamuria
2858,2858,TangTHL
2859,2859,eoc1991
2860,2860,Sanbingo
2861,2861,chaochuandea
2862,2862,tibrus
2863,2863,phoxiao
2864,2864,nobodyme
2865,2865,erm
2866,2866,cesarliws
2867,2867,shreyavaidy
2868,2868,yuyang733
2869,2869,hollance
2870,2870,SyedAbutalib
2871,2871,bpsuntrup
2872,2872,shi510
2873,2873,rncar
2874,2874,matthewR1993
2875,2875,anduloo
2876,2876,hashanant
2877,2877,apzentral
2878,2878,chewtoys
2879,2879,rlizzo
2880,2880,dkapexhiu
2881,2881,dragos-constantin-stoica
2882,2882,liumingzhuo
2883,2883,laserx
2884,2884,ym2008
2885,2885,usradd
2886,2886,hxhxd
2887,2887,jasongzy
2888,2888,feragusper
2889,2889,MarkLalor
2890,2890,husu
2891,2891,SkyVault
2892,2892,Guitaricet
2893,2893,Magellen
2894,2894,Sarga
2895,2895,Mcxvxv
2896,2896,whatcall
2897,2897,wangyunjiegit
2898,2898,nechita
2899,2899,devil19
2900,2900,keets2012
2901,2901,bennyz
2902,2902,trkhanh
2903,2903,Aceralon
2904,2904,datianjiao
2905,2905,barryvanveen
2906,2906,jazzytomato
2907,2907,Wozzy06
2908,2908,brunowego
2909,2909,alisonsayarath
2910,2910,teevik
2911,2911,Pioneer-Linzi
2912,2912,Nat-Sci
2913,2913,plusema86
2914,2914,daveanderson88
2915,2915,Rishats
2916,2916,uluyan
2917,2917,alexfalkowski
2918,2918,simondorociak
2919,2919,nbrosowsky
2920,2920,PrestonII
2921,2921,regadas
2922,2922,albrand
2923,2923,rich-preservica
2924,2924,jglee72
2925,2925,ab77
2926,2926,bradsjm
2927,2927,vparaskevas
2928,2928,AfzalH
2929,2929,RandallEW
2930,2930,iannoying
2931,2931,ngrq
2932,2932,nycholas
2933,2933,treebuilder
2934,2934,Userbit
2935,2935,damirm
2936,2936,joseph0306
2937,2937,ap190
2938,2938,WhitePrime
2939,2939,deluxebear
2940,2940,asavin
2941,2941,codecly259
2942,2942,exeto
2943,2943,spolica
2944,2944,veper
2945,2945,stoune
2946,2946,Igorshp
2947,2947,metaodi
2948,2948,DayBySay
2949,2949,cyphernet
2950,2950,jhdevuk
2951,2951,domsgit
2952,2952,kkroker
2953,2953,Jithin-Jude
2954,2954,andyeskridge
2955,2955,qiuqiufrank
2956,2956,WMeldon
2957,2957,mingcanchen
2958,2958,ChenQi02
2959,2959,enesser
2960,2960,lufei222
2961,2961,monstatw
2962,2962,NoiseEee
2963,2963,corburn
2964,2964,JeffLabonte
2965,2965,Jerry-Lau
2966,2966,CodeRed1704
2967,2967,kangarruu
2968,2968,jiraiyame
2969,2969,radicalviva
2970,2970,ahKevinXy
2971,2971,zypeh
2972,2972,vincaslt
2973,2973,cncabf00
2974,2974,bzg
2975,2975,d-kusk
2976,2976,hagope
2977,2977,ytyeie
2978,2978,gitfineon
2979,2979,thonsi
2980,2980,purcaro
2981,2981,jsnathan
2982,2982,bzsinger
2983,2983,alidcastano
2984,2984,moh-abk
2985,2985,aizxin
2986,2986,wlmnzf
2987,2987,wardn
2988,2988,timakin
2989,2989,a794581572
2990,2990,calebsylvest
2991,2991,comino
2992,2992,abuttlemur
2993,2993,Dammmien
2994,2994,HeliosLHC
2995,2995,millette
2996,2996,clementsjj
2997,2997,DineshkumarElumalai
2998,2998,liujiabin1002
2999,2999,davebayles
3000,3000,ivanagui2
3001,3001,mdmartinez
3002,3002,azimuth3d
3003,3003,huytq085
3004,3004,kanokaakiko
3005,3005,HiWill
3006,3006,svmtracking
3007,3007,jonyardley
3008,3008,karnal007
3009,3009,cuidezhu
3010,3010,PabloOyarzo
3011,3011,natashawatkins
3012,3012,ndrewnee
3013,3013,serghost
3014,3014,HaDi-UA
3015,3015,utkuokutan
3016,3016,CDUTgaohongfei
3017,3017,vishal-uttamchandani
3018,3018,davidnicholastaylor
3019,3019,melanierichards
3020,3020,JacobBlomgren
3021,3021,unixorn
3022,3022,wrightpt
3023,3023,arjunyel
3024,3024,vipwp
3025,3025,Mayurifag
3026,3026,gergul
3027,3027,Marc0z
3028,3028,Der-Jan
3029,3029,shandou
3030,3030,MetSystem
3031,3031,lionaruc
3032,3032,alexfont321
3033,3033,GNURub
3034,3034,ckarlss0n
3035,3035,keeganlow
3036,3036,L2016J
3037,3037,gchen08
3038,3038,jason199658
3039,3039,biafra
3040,3040,Developerayo
3041,3041,kenlog
3042,3042,wallaceiam
3043,3043,yageek
3044,3044,Kingrealer
3045,3045,sleeepyjack
3046,3046,Krispion
3047,3047,eduardo9104
3048,3048,inkedblots
3049,3049,skrat
3050,3050,guido4000
3051,3051,phnx47
3052,3052,geooot
3053,3053,stalary
3054,3054,LaFa777
3055,3055,trikim
3056,3056,evilwing
3057,3057,Dentrax
3058,3058,pacificpelican
3059,3059,venvyt
3060,3060,mmorrison
3061,3061,hstcscolor
3062,3062,vihar
3063,3063,ashwintitus14
3064,3064,DatouHsu
3065,3065,dkoshkin
3066,3066,lifesign
3067,3067,tiannian
3068,3068,TheNewCivilian
3069,3069,BrandonSmith
3070,3070,lerajk
3071,3071,raymag
3072,3072,sapegin
3073,3073,pignuante
3074,3074,stvhuang
3075,3075,Jonyker
3076,3076,cld2005
3077,3077,persimmonsoft
3078,3078,ListFranz
3079,3079,tohn
3080,3080,JMHenri
3081,3081,jonbaer
3082,3082,nxboo
3083,3083,uda832
3084,3084,bad-hombres
3085,3085,sorenvalentinjp
3086,3086,lkun
3087,3087,gerpsh
3088,3088,sqlsec
3089,3089,jackzhengpinwen
3090,3090,ashemoira
3091,3091,codeapps
3092,3092,0n-s
3093,3093,colorbox
3094,3094,siphu
3095,3095,floriq
3096,3096,Calinou
3097,3097,asdi
3098,3098,alex-pl
3099,3099,renebidart
3100,3100,crispinanderson
3101,3101,jjw867
3102,3102,phoenixbox
3103,3103,CoderGYC
3104,3104,iceyang1989
3105,3105,elee
3106,3106,Kraitos
3107,3107,truongd8593
3108,3108,clproust
3109,3109,TuvaevAndrey
3110,3110,cancanlala
3111,3111,gaston-mira-glb
3112,3112,HelloVass
3113,3113,oguzdumanoglu
3114,3114,siggibjarna
3115,3115,duythang
3116,3116,metaory
3117,3117,Grox-Ni
3118,3118,melanxoluk
3119,3119,JakuJ
3120,3120,ilyas-hanagria
3121,3121,webstte
3122,3122,rhansen2
3123,3123,jachin
3124,3124,nickreynke
3125,3125,xin699
3126,3126,larcher
3127,3127,ricardodantas
3128,3128,adamdonahue
3129,3129,z19891229
3130,3130,abujafari
3131,3131,agileone
3132,3132,jjkjkj
3133,3133,MatheusVellone
3134,3134,kougui
3135,3135,jeremykendall
3136,3136,neerajkanhere
3137,3137,dramalcolm
3138,3138,Talanoff
3139,3139,fajaryanw
3140,3140,vitorabner
3141,3141,jGaboardi
3142,3142,deckerweb
3143,3143,tommerbomb
3144,3144,lxyumen1
3145,3145,viktart
3146,3146,MonoLogueChi
3147,3147,dsalin
3148,3148,gunrrr
3149,3149,vbaggiol
3150,3150,tobi238
3151,3151,Andi-Lo
3152,3152,lizconlan
3153,3153,moyuanhuang
3154,3154,trobbierob
3155,3155,petersci
3156,3156,kfiroo
3157,3157,sneakycrow
3158,3158,pwxcoo
3159,3159,robertchristophersmith
3160,3160,Abdullah-TH
3161,3161,TheBeardedLlama
3162,3162,gedvsfm
3163,3163,freedom10086
3164,3164,mengshijian
3165,3165,swapsha96
3166,3166,datelligence
3167,3167,zagarjr
3168,3168,grandslammer
3169,3169,bendiken
3170,3170,TaylorChen
3171,3171,choleraehyq
3172,3172,trackor
3173,3173,suksit
3174,3174,GautamBose
3175,3175,gustavogodoi
3176,3176,DaisukeKajiyama
3177,3177,kolodiy
3178,3178,MaChang13
3179,3179,sevcsik
3180,3180,fredliang44
3181,3181,ZpGuo
3182,3182,skzr001
3183,3183,dannyvassallo
3184,3184,audio-lge87
3185,3185,syamoji
3186,3186,zhjuncai
3187,3187,wangjishan
3188,3188,mamal72
3189,3189,suriyaJaboon
3190,3190,kimbalear
3191,3191,davidlatwe
3192,3192,f1nger
3193,3193,ouzhicheng
3194,3194,pengliheng
3195,3195,wuyongyi
3196,3196,nejckorasa
3197,3197,qyzhaoxun
3198,3198,DavidPage-BAH
3199,3199,fapdash
3200,3200,iamRusty
3201,3201,diandian-xue
3202,3202,karlhorky
3203,3203,cooljeanius
3204,3204,richardzyx
3205,3205,azappella
3206,3206,Tunderwood93
3207,3207,brandall10
3208,3208,lueimg
3209,3209,bertuss
3210,3210,kdr
3211,3211,kd5ziy
3212,3212,kuluso
3213,3213,henser123
3214,3214,yujiahaol68
3215,3215,hetsch
3216,3216,dealenx
3217,3217,ganapativs
3218,3218,bbernovici
3219,3219,thisissasa
3220,3220,coetry
3221,3221,chenchr
3222,3222,leedstyh
3223,3223,florentulve
3224,3224,leonardofed
3225,3225,vasudevravula
3226,3226,Domeniqque
3227,3227,LVortex
3228,3228,LorenvXn
3229,3229,cherws
3230,3230,shandonglao
3231,3231,Starrrrk
3232,3232,adambware
3233,3233,ivanaairenee
3234,3234,qq326646683
3235,3235,wildhaber
3236,3236,DaniSQL
3237,3237,benparsons
3238,3238,oaleeapp
3239,3239,flowbytes
3240,3240,mingrui-hu
3241,3241,gongadev
3242,3242,fuqiangwan7946
3243,3243,sasin91
3244,3244,greed2411
3245,3245,SuperChenSSS
3246,3246,dthtvwls
3247,3247,boxiaowave
3248,3248,behradkhodayar
3249,3249,hackeris
3250,3250,ngnam
3251,3251,wady100
3252,3252,kamei-kazuto
3253,3253,yansilva89
3254,3254,devWebReact
3255,3255,mpetrunic
3256,3256,LittleNewton
3257,3257,manniru
3258,3258,tonyle9
3259,3259,Dai1678
3260,3260,kynx
3261,3261,qjialong
3262,3262,awebc
3263,3263,schester44
3264,3264,chmichael
3265,3265,GamerLadyJules
3266,3266,xgz123
3267,3267,vicio1975
3268,3268,kkgoing
3269,3269,t00ts
3270,3270,18846171630
3271,3271,imnotbad
3272,3272,AeyS
3273,3273,yulinzhihou
3274,3274,zagyi
3275,3275,maoyanchun
3276,3276,snox
3277,3277,edwinfrc
3278,3278,rmoriz
3279,3279,skaltenegger
3280,3280,goodrahstar
3281,3281,uwo
3282,3282,myseital
3283,3283,andriosr
3284,3284,gopendrajangir
3285,3285,rafaelszp
3286,3286,IrfanIrfan644
3287,3287,aceiii
3288,3288,a6676333
3289,3289,ivoszz
3290,3290,Riebart
3291,3291,Tafkas
3292,3292,shlpu
3293,3293,lwhile
3294,3294,nucklearproject
3295,3295,zhenqiangzh
3296,3296,itchix
3297,3297,modulexcite
3298,3298,chinthakagodawita
3299,3299,oliverkulas
3300,3300,ayo4code
3301,3301,brockthebear
3302,3302,knitHacker
3303,3303,chuck-durst
3304,3304,HanbGao
3305,3305,chipmuenk
3306,3306,gregors
3307,3307,royburns
3308,3308,SylvanasX
3309,3309,te11ur
3310,3310,pastelmind
3311,3311,desertSniper87
3312,3312,zh-rocco
3313,3313,isteves
3314,3314,mjharrison
3315,3315,briangottfried
3316,3316,trose-neuro
3317,3317,Gidsor
3318,3318,tominovak33
3319,3319,yuanbp
3320,3320,kkguo
3321,3321,zavanton123
3322,3322,SumeetMoray
3323,3323,HuangHenry
3324,3324,KHS1N
3325,3325,muscaestar
3326,3326,xingyun86
3327,3327,leonac
3328,3328,rachelmint
3329,3329,Devking
3330,3330,xkapastel
3331,3331,eadydb
3332,3332,scurron
3333,3333,ZhuoRoger
3334,3334,svdspectral
3335,3335,zlstll
3336,3336,jonboh
3337,3337,ihanyong
3338,3338,ghl
3339,3339,lf94
3340,3340,linYeJnn
3341,3341,gray-hpcnt
3342,3342,zwpaper
3343,3343,3asm
3344,3344,linzhixin93
3345,3345,yangy30685
3346,3346,zengs01
3347,3347,jsmdev
3348,3348,sayliu
3349,3349,noboperez
3350,3350,robophil
3351,3351,lkraav
3352,3352,skyrocknroll
3353,3353,z-yh
3354,3354,strajky5
3355,3355,alixaxel
3356,3356,Fimasik
3357,3357,glebtv
3358,3358,zhaodanchun
3359,3359,zhouxiaoshuai
3360,3360,kozlovsky
3361,3361,haydensun
3362,3362,TheLastZombie
3363,3363,drvid
3364,3364,smile-java
3365,3365,whutddk
3366,3366,PJUllrich
3367,3367,aniruddha0pandey
3368,3368,jpchip
3369,3369,droid-tek
3370,3370,quantummecharobots
3371,3371,efi
3372,3372,JTXS
3373,3373,TheBestTime
3374,3374,drumih
3375,3375,evdenis
3376,3376,cezinha
3377,3377,p-tricky
3378,3378,saydo17
3379,3379,LizhangHuang
3380,3380,road2stat
3381,3381,Michael-Lfx
3382,3382,gvm99
3383,3383,FGRibreau
3384,3384,237014845
3385,3385,markoshust
3386,3386,volkovmqx
3387,3387,foobarto
3388,3388,andela-lolali
3389,3389,pengjl
3390,3390,tohjustin
3391,3391,sazzad16
3392,3392,ericmai624
3393,3393,sheluchin
3394,3394,474846718
3395,3395,vulture2016
3396,3396,manuca
3397,3397,erichen86
3398,3398,TayLin99
3399,3399,tomstand
3400,3400,jckling
3401,3401,kylebragger
3402,3402,akim
3403,3403,zivlam
3404,3404,kdbaustert
3405,3405,barbosa
3406,3406,june5753
3407,3407,rayzayas
3408,3408,TylerGarlick
3409,3409,caizhenbiao229
3410,3410,mkapnick
3411,3411,whoissqr
3412,3412,staab
3413,3413,4nduril
3414,3414,quakig
3415,3415,x-wk
3416,3416,carlosrogue
3417,3417,ssqfs
3418,3418,soulZhaoL
3419,3419,lnpbk
3420,3420,madhank93
3421,3421,nmenag
3422,3422,piojanu
3423,3423,Merhie
3424,3424,Calvein
3425,3425,solo-way
3426,3426,maryokhin
3427,3427,justinshea
3428,3428,Fraccaman
3429,3429,spin6lock
3430,3430,MistShi
3431,3431,yanglixiao1994
3432,3432,gaogaoSpark
3433,3433,sprkrd
3434,3434,Moleys
3435,3435,05tb-BBC
3436,3436,qman92
3437,3437,AstroEmelya
3438,3438,gb1
3439,3439,nabeelio
3440,3440,ruoyu-chen
3441,3441,kozlovzxc
3442,3442,louiszawadzki
3443,3443,xiangang-wei
3444,3444,liuzizhe
3445,3445,drenghsam
3446,3446,georgepaterson
3447,3447,DazedNConfused-
3448,3448,Damicristi
3449,3449,Paul33333
3450,3450,kkekk
3451,3451,zewar888
3452,3452,diegolmello
3453,3453,MfkOTT
3454,3454,anvdev
3455,3455,ZWkang
3456,3456,zengkaimin
3457,3457,sharpsteve
3458,3458,McCarthey
3459,3459,PopocaOrtiz
3460,3460,joelxr
3461,3461,iamakulov
3462,3462,Corsage
3463,3463,SeniorIvan
3464,3464,HappyLiveWanggl
3465,3465,cmarx
3466,3466,mugagambi
3467,3467,recall704
3468,3468,Arachi1
3469,3469,t0kieu
3470,3470,g3rm4nf0x
3471,3471,lucianene
3472,3472,klis87
3473,3473,davidlevy
3474,3474,dreadwarrior
3475,3475,suncunhu
3476,3476,lelivero
3477,3477,jualfoar
3478,3478,kalkai01
3479,3479,Mushus
3480,3480,adambuttrick
3481,3481,ilya-epifanov
3482,3482,sevkin
3483,3483,dadon-david
3484,3484,pedrorcs
3485,3485,xps-zzq
3486,3486,yiguotang
3487,3487,passerbyid
3488,3488,lartie
3489,3489,mahmoudforoughi
3490,3490,evenhumble
3491,3491,xuzhiwei1220
3492,3492,ahmedami
3493,3493,yuchi
3494,3494,jbjbhatcher
3495,3495,pwittchen
3496,3496,maria-matei
3497,3497,zhaozhen
3498,3498,programming
3499,3499,clem109
3500,3500,ajaxsys
3501,3501,davembg
3502,3502,williamrowell
3503,3503,iGarym
3504,3504,YoungerMore
3505,3505,javenfan
3506,3506,AugustMiller
3507,3507,cxy-java
3508,3508,gwpantazes
3509,3509,laughedelic
3510,3510,mrsinham
3511,3511,Akisky
3512,3512,jvanwijnbergen
3513,3513,benbeadle
3514,3514,chengzhangz
3515,3515,nagyi
3516,3516,likeshumidity
3517,3517,n8wood
3518,3518,ernestogabriel
3519,3519,fcor
3520,3520,joekaiser
3521,3521,ngocdha
3522,3522,redshift0345
3523,3523,matthew-compton
3524,3524,lcra
3525,3525,osborne6
3526,3526,atugushev
3527,3527,pedrotenorio
3528,3528,nfultz
3529,3529,andoromeda
3530,3530,felipeccastro
3531,3531,bamorim
3532,3532,maggie-chen
3533,3533,zach-is-my-name
3534,3534,brennankreiman
3535,3535,Alex961120
3536,3536,tommylees112
3537,3537,cszhang
3538,3538,sporkisfaster
3539,3539,bcho
3540,3540,VictorParra1936
3541,3541,agdolla
3542,3542,jaybo
3543,3543,bitpage-de
3544,3544,jvondoom
3545,3545,sdlfkorg
3546,3546,josesentis15
3547,3547,stewartmoreland
3548,3548,hellopipu
3549,3549,rcharlton
3550,3550,njbrown
3551,3551,dialnco
3552,3552,hbk16
3553,3553,liginv
3554,3554,coderyangyangyang
3555,3555,techvoltage
3556,3556,dejesus2010
3557,3557,hyumo
3558,3558,srajappa
3559,3559,RaSiel93
3560,3560,philwolstenholme
3561,3561,echoboss
3562,3562,uzvermode
3563,3563,haozhu233
3564,3564,cucrisis
3565,3565,opcon
3566,3566,designerMichael
3567,3567,tmclaugh
3568,3568,ctrlplusb
3569,3569,Betterfly-Ben
3570,3570,nater540
3571,3571,TakafumiNohara
3572,3572,cfsanderson
3573,3573,BrendanLeber
3574,3574,anshumanv
3575,3575,karol-krzeminski
3576,3576,ShiroYacha
3577,3577,Khang-NT
3578,3578,cschram
3579,3579,vancaem
3580,3580,javor
3581,3581,makedsgn
3582,3582,JaDogg
3583,3583,NaughtyOttsel
3584,3584,kalafinagl
3585,3585,yhlong0
3586,3586,GeorgiyDemo
3587,3587,rebootcode
3588,3588,frlinw
3589,3589,ddwhan0123
3590,3590,moafak
3591,3591,brainztorm
3592,3592,jwalzer
3593,3593,DriesVandermeulen
3594,3594,kevinnguyeneng
3595,3595,imrantune
3596,3596,9585999
3597,3597,Potherca
3598,3598,Veroman
3599,3599,jgj
3600,3600,deepthoughts
3601,3601,wuedidada
3602,3602,NSStudent
3603,3603,TreTuna
3604,3604,CDNievas
3605,3605,SamuelSarle
3606,3606,monkeymosher
3607,3607,locdoan12121997
3608,3608,tsbg
3609,3609,kimmotamio
3610,3610,LucianaMarques
3611,3611,dwmanning
3612,3612,Fredman97
3613,3613,danlou
3614,3614,BDZNH
3615,3615,kakerukaeru
3616,3616,adamchlebek
3617,3617,Baymax6
3618,3618,chrisxue815
3619,3619,zoonoo
3620,3620,Lifan-Mao
3621,3621,Corsario-Mexico
3622,3622,icnwyl
3623,3623,soFisher
3624,3624,BigLeGorLee
3625,3625,alexvelin
3626,3626,Jqk-Nono
3627,3627,luiscape
3628,3628,amb
3629,3629,ismail-codar
3630,3630,markvaneijk
3631,3631,syzh0630
3632,3632,xiongwuwu
3633,3633,rocky3xr
3634,3634,Memorix101
3635,3635,zgzh
3636,3636,cavp28
3637,3637,samueltorres
3638,3638,moranthomas
3639,3639,lanceharper
3640,3640,MMaturax
3641,3641,spurgear
3642,3642,singlr
3643,3643,fry-
3644,3644,xuhuanmieying
3645,3645,lmmx
3646,3646,PeipeiQ
3647,3647,mallove
3648,3648,rashidaltayer
3649,3649,zergmk2
3650,3650,kevinoca
3651,3651,ernestone
3652,3652,gkze
3653,3653,ichengde
3654,3654,CyberEssef
3655,3655,BradleyJohnson
3656,3656,chendifan
3657,3657,michaelmior
3658,3658,heidi1303
3659,3659,oscar2d2
3660,3660,wmpscc
3661,3661,gjeusel
3662,3662,beru
3663,3663,hejinbo96
3664,3664,abinrm
3665,3665,brillout
3666,3666,liuchaoqiang
3667,3667,liuwanj
3668,3668,bdespatis
3669,3669,mwxschwab
3670,3670,YoujieXia
3671,3671,ZhangHanDong
3672,3672,luchenyuxx
3673,3673,Shubham-0807
3674,3674,ryought
3675,3675,kbSSR
3676,3676,hiorws
3677,3677,Jeff-Jerousek
3678,3678,kawsarIbnSiraj
3679,3679,Alisa-annie
3680,3680,jaerme
3681,3681,andredurao
3682,3682,cece-liu
3683,3683,jdmb77
3684,3684,spaghett1c0de
3685,3685,nickolasburr
3686,3686,dtran320
3687,3687,liunix61
3688,3688,jerrywaller
3689,3689,daestrada
3690,3690,jewbetcha
3691,3691,ratson
3692,3692,luizbills
3693,3693,smellsworth
3694,3694,hitao123
3695,3695,mc256
3696,3696,jeffamstutz
3697,3697,jvrmaia
3698,3698,GuoxiangQu
3699,3699,cuanto
3700,3700,JustLey
3701,3701,sherbondy
3702,3702,foxxx0
3703,3703,wfz0755
3704,3704,lqdflying
3705,3705,joakin
3706,3706,ramon-src
3707,3707,tossy310
3708,3708,panuwizzle
3709,3709,gnardari
3710,3710,tomgeekery
3711,3711,bleudreams
3712,3712,alexstandiford
3713,3713,microwest
3714,3714,ciscoheat
3715,3715,srikarslash
3716,3716,rjbrowning
3717,3717,pechenoha
3718,3718,sibicode
3719,3719,TheShadow29
3720,3720,objcoding
3721,3721,manno-k
3722,3722,merinkumar
3723,3723,LSinev
3724,3724,kalinchernev
3725,3725,nirizr
3726,3726,icybigmac
3727,3727,suyashkumar
3728,3728,bit4bit
3729,3729,nie-dongjia
3730,3730,matthew-dews
3731,3731,joshuaalpuerto
3732,3732,sakhtar1979
3733,3733,smholloway
3734,3734,charlesfig
3735,3735,davidahern
3736,3736,oscartbeaumont
3737,3737,MarcWong
3738,3738,tsoontornwutikul
3739,3739,ptrocki
3740,3740,gunnar90
3741,3741,horgh
3742,3742,r1ckr
3743,3743,soniolabs
3744,3744,jokenliv
3745,3745,etaheri
3746,3746,mkaito
3747,3747,lj5635906
3748,3748,Dassy23
3749,3749,EisRint
3750,3750,brunaw
3751,3751,krystianity
3752,3752,rainboyan
3753,3753,mash
3754,3754,BRJ06
3755,3755,AndresUrregoAngel
3756,3756,a5535772
3757,3757,adityasharat
3758,3758,mkw
3759,3759,derekgch
3760,3760,windyflying
3761,3761,ststaynov
3762,3762,Hakkin
3763,3763,Russell-Jones-OxPhys
3764,3764,pedropaolo
3765,3765,lflimeira
3766,3766,ChristianSch
3767,3767,pyadav
3768,3768,toshi-kawanishi
3769,3769,mlcrsi
3770,3770,pavelm
3771,3771,boscoybarra
3772,3772,qiangzi11hao
3773,3773,Pedro-Souza
3774,3774,yomimono
3775,3775,kkak10
3776,3776,cmgr77
3777,3777,xialinlin
3778,3778,BadyC
3779,3779,mgogel
3780,3780,holymonity
3781,3781,tyfecho
3782,3782,guitarultimate
3783,3783,ozkriff
3784,3784,aleksplus
3785,3785,kamikazechaser
3786,3786,faniepotgieter
3787,3787,sharpswordW
3788,3788,davidmerrique
3789,3789,reactionic127
3790,3790,robdeweese
3791,3791,max7z
3792,3792,calebboyd
3793,3793,rubenleon
3794,3794,yogeshl18
3795,3795,galvez
3796,3796,zaisuisheng
3797,3797,hienpham15
3798,3798,andylzq01
3799,3799,uisge-beatha
3800,3800,lucasromanojf
3801,3801,denny-lv
3802,3802,karimation
3803,3803,deathbeam
3804,3804,mikec
3805,3805,paperfactory
3806,3806,zullkas
3807,3807,terenceng2010
3808,3808,eljeffesmith
3809,3809,haitch
3810,3810,SzTmonster
3811,3811,ho-dor
3812,3812,Haleclipse
3813,3813,zhoutaiwei
3814,3814,abbaselmas
3815,3815,duqy
3816,3816,liuhk388
3817,3817,deft01
3818,3818,alexvndre
3819,3819,gpalin
3820,3820,Yida-Lin
3821,3821,AnthonyRChao
3822,3822,sonkey
3823,3823,madtrapper
3824,3824,alfrecanodiaz
3825,3825,arslivinski
3826,3826,bandaotixi
3827,3827,opannapo
3828,3828,ethernalspace
3829,3829,OHeroJ
3830,3830,xhonker
3831,3831,Chrisfighting
3832,3832,4mitch
3833,3833,zcun
3834,3834,amio
3835,3835,viniciusdiogo
3836,3836,zhujie02
3837,3837,skylerto
3838,3838,tylerbuchea
3839,3839,dengqiangloveju
3840,3840,carvahpkd
3841,3841,kevinlee9
3842,3842,hey-jude
3843,3843,rafaellopezgtz
3844,3844,chazlett
3845,3845,yd23
3846,3846,creachang
3847,3847,ve3344
3848,3848,UnimaginaryUnit
3849,3849,xiayuansi
3850,3850,trevorah
3851,3851,PePoDev
3852,3852,mckinley-olsen-oc
3853,3853,gmh14
3854,3854,AndGirl
3855,3855,danielduyvo
3856,3856,soullzy
3857,3857,AlexAkulov
3858,3858,vinxenxo
3859,3859,benryerson
3860,3860,evilebottnawi
3861,3861,hhcalder92
3862,3862,zkhiker
3863,3863,wangzhiyuanme
3864,3864,namqdam
3865,3865,Astrych
3866,3866,wo1fsea
3867,3867,nicoladl
3868,3868,QingqiangFeng
3869,3869,kmcduffee-cah
3870,3870,AnwarShah
3871,3871,iammisha
3872,3872,joshsaintjacque
3873,3873,uony
3874,3874,ArturJS
3875,3875,sifton
3876,3876,DevLju
3877,3877,ferumchrome
3878,3878,chenbo515
3879,3879,hizzyishome
3880,3880,Magneticmagnum
3881,3881,coderdiaz
3882,3882,codeSupreme
3883,3883,mhsattarian
3884,3884,forrest321
3885,3885,Mjsocksdaddy
3886,3886,ChesterBu
3887,3887,Lomanic
3888,3888,miguelpardal
3889,3889,myroom83
3890,3890,nsiebler-dm
3891,3891,rvenugopal
3892,3892,Azmarie
3893,3893,andybug
3894,3894,ukanth
3895,3895,bkonyi
3896,3896,lee123lee123
3897,3897,freestrings
3898,3898,mCodex
3899,3899,ymmah
3900,3900,joaoplay
3901,3901,tlockney
3902,3902,cchroot
3903,3903,paulcsmith
3904,3904,motss
3905,3905,arguiot
3906,3906,mjwz5294
3907,3907,fengwenyi
3908,3908,bharathvaj1995
3909,3909,AndreiCalazans
3910,3910,xuxiao
3911,3911,wis
3912,3912,ky0n
3913,3913,Druizm128
3914,3914,amckay1
3915,3915,spinningarrow
3916,3916,ranjanpandey
3917,3917,Kochiya-Yoru
3918,3918,davemeehan
3919,3919,Layvier
3920,3920,luisvinicius167
3921,3921,amirmasoud
3922,3922,codinguncut
3923,3923,adammockor
3924,3924,blbsoft
3925,3925,ajonp
3926,3926,rrati
3927,3927,tsejx
3928,3928,shailendher
3929,3929,akshay1dhingra
3930,3930,thenewmona
3931,3931,yuguorui
3932,3932,chupaaaaaaan
3933,3933,evgeny-sobol
3934,3934,Timzzzzz
3935,3935,callado4
3936,3936,krautcat
3937,3937,jmgm
3938,3938,Ciboulette
3939,3939,lewisjkl
3940,3940,rklivehere
3941,3941,cindywines
3942,3942,golindanojader
3943,3943,mstadius
3944,3944,vegax87
3945,3945,marcelocra
3946,3946,vigzmv
3947,3947,katguzmann
3948,3948,k0uhashi
3949,3949,garylesueur
3950,3950,cutedogspark
3951,3951,talhahasanzia
3952,3952,837278709
3953,3953,nicuzz
3954,3954,irkawajan
3955,3955,tyouika
3956,3956,zindel
3957,3957,medved-nsk
3958,3958,matthinz
3959,3959,wilsonhipolito
3960,3960,ndesh26
3961,3961,bayansar
3962,3962,nschejtman
3963,3963,lalloni
3964,3964,heyman333
3965,3965,pvbl
3966,3966,carloDev
3967,3967,yu4u
3968,3968,aristotll
3969,3969,piggybox
3970,3970,m3gabyteofficial
3971,3971,xlievo
3972,3972,Holokk
3973,3973,latachz
3974,3974,stephenbrannen
3975,3975,avelino
3976,3976,ducga1998
3977,3977,tonygaetani
3978,3978,titopalito
3979,3979,parkdragon
3980,3980,sitwalkstand
3981,3981,coder-ltc
3982,3982,develth
3983,3983,elimisteve
3984,3984,pstanton237
3985,3985,tirth2412
3986,3986,oyjcmyn
3987,3987,imxyu
3988,3988,prashanthr
3989,3989,murillocg
3990,3990,gildastema
3991,3991,Medina-Mardones
3992,3992,songinfo
3993,3993,gexueyuan
3994,3994,gongjinnan
3995,3995,beyond5959
3996,3996,archersmind
3997,3997,GitForNeo
3998,3998,pcsmsilva
3999,3999,tatsuruhayashi
4000,4000,hydr4cula
4001,4001,dkopitsa
4002,4002,keaising
4003,4003,TevilLeodavi
4004,4004,fpayet
4005,4005,sniperwolf
4006,4006,gepparta
4007,4007,think01
4008,4008,marramgrass
4009,4009,mjonasz
4010,4010,palexaki
4011,4011,M-jerez
4012,4012,korolr
4013,4013,KhaledBadawyM
4014,4014,popsyjunior
4015,4015,ffgiraldez
4016,4016,phobal
4017,4017,codwu
4018,4018,iflubber
4019,4019,emanuelef
4020,4020,ShaneMckenna23
4021,4021,danielgroves
4022,4022,Junhe666
4023,4023,sgb-io
4024,4024,richardxu100
4025,4025,artsev
4026,4026,giuem
4027,4027,jakevis
4028,4028,lessin
4029,4029,Anklerwa
4030,4030,sriharsha0806
4031,4031,ohmycloud
4032,4032,sndrgb
4033,4033,zengyuangai
4034,4034,pycprince
4035,4035,jryans
4036,4036,mre
4037,4037,proactive-e
4038,4038,suic86
4039,4039,wellls
4040,4040,mistadikay
4041,4041,cxnthu
4042,4042,fragm3
4043,4043,dinghao1994
4044,4044,Raoko
4045,4045,403605209
4046,4046,Maknee
4047,4047,arsenii-repository
4048,4048,lachlandeer
4049,4049,vertusd
4050,4050,gauravsk
4051,4051,trotyl
4052,4052,seagle0128
4053,4053,Vivan
4054,4054,viltsuhanninen
4055,4055,kartheek063
4056,4056,steima
4057,4057,awei01
4058,4058,bitshiftza
4059,4059,Deantsui
4060,4060,Medkallel
4061,4061,omererbil
4062,4062,markwoodhall
4063,4063,jia2015
4064,4064,mrf345
4065,4065,EvilBob3
4066,4066,bfmill253
4067,4067,odahcam
4068,4068,tamalsaha
4069,4069,KSauter
4070,4070,Belval
4071,4071,carsol
4072,4072,deamme
4073,4073,frogg
4074,4074,chg008
4075,4075,jiaguohuiDeep
4076,4076,xlnx
4077,4077,benv2
4078,4078,DevCodeOne
4079,4079,harraps
4080,4080,wishihab
4081,4081,nichdu
4082,4082,augustojsoares
4083,4083,michaelmsm89
4084,4084,bloveless
4085,4085,JieLiu95
4086,4086,derhuerst
4087,4087,hkailahi
4088,4088,sh92
4089,4089,jmolivas
4090,4090,justpsvm
4091,4091,Bryanthelol
